0 0.00 0.00
1 0.00 0.00
2 0.00 0.00
3 0.00 0.00
4 0.00 0.00
5 0.00 0.00
6 0.00 0.00
7 0.00 0.00
8 0.00 0.00
9 0.00 0.00
10 0.00 0.00
11 0.00 0.00
12 0.00 0.00
13 0.00 0.00
14 0.00 0.00
15 0.00 0.00
16 0.00 0.00
17 0.00 0.00
18 0.00 0.00
19 0.00 0.00
20 0.00 0.00
21 0.00 0.00
22 0.00 0.00
23 0.00 0.00
24 0.00 0.00
25 0.00 0.00
26 0.00 0.00
27 0.00 0.00
28 0.00 0.00
29 0.00 0.00
30 0.00 0.00
31 0.00 0.00
32 0.00 0.00
33 0.00 0.00
34 0.00 0.00
35 0.00 0.00
36 0.00 0.00
37 0.00 0.00
38 0.00 0.00
39 0.00 0.00
40 0.00 0.00
41 0.00 0.00
42 0.00 0.00
43 0.00 0.00
44 0.00 0.00
45 0.00 0.00
46 0.00 0.00
47 0.00 0.00
48 0.00 0.00
49 0.00 0.00
50 0.00 0.00
51 0.00 0.00
52 0.00 0.00
53 0.00 0.00
54 0.00 0.00
55 7.50 7.50
56 7.50 7.50
57 7.50 7.50
58 7.50 7.50
59 7.50 7.50
60 7.50 7.50
61 7.50 7.50
62 7.50 7.50
63 7.50 7.50
64 7.50 7.50
65 7.50 7.50
66 7.50 7.50
67 7.50 7.50
68 7.50 7.50
69 7.50 7.50
70 7.50 7.50
71 7.50 7.50
72 7.50 7.50
73 7.50 7.50
74 7.50 7.50
75 7.50 7.50
76 7.50 7.50
77 7.50 7.50
78 7.50 7.50
79 7.50 7.50
80 7.50 7.50
81 7.50 7.50
82 7.50 7.50
83 7.50 7.50
84 7.50 7.50
85 7.50 7.50
86 7.50 7.50
87 7.50 7.50
88 7.50 7.50
89 7.50 7.50
90 7.50 7.50
91 7.50 7.50
92 7.50 7.50
93 7.50 7.50
94 7.50 7.50
95 7.50 7.50
96 7.50 7.50
97 7.50 7.50
98 7.50 7.50
99 7.50 7.50
100 7.50 7.50
101 7.50 7.50
102 7.50 7.50
103 7.50 7.50
104 7.50 7.50
105 7.50 7.50
106 7.50 7.50
107 7.50 7.50
108 7.50 7.50
109 7.50 7.50
110 7.50 7.50
111 7.50 7.50
112 7.50 7.50
113 7.50 7.50
114 7.50 7.50
115 7.50 7.50
116 7.50 7.50
117 7.50 7.50
118 7.50 7.50
119 7.50 7.50
120 7.50 7.50
121 7.50 7.50
122 7.50 7.50
123 7.50 7.50
124 7.50 7.50
125 7.50 7.50
126 7.50 7.50
127 7.50 7.50
128 7.50 7.50
129 7.50 7.50
130 7.50 7.50
131 7.50 7.50
132 7.50 7.50
133 7.50 7.50
134 7.50 7.50
135 7.50 7.50
136 7.50 7.50
137 7.50 7.50
138 7.50 7.50
139 7.50 7.50
140 7.50 7.50
141 7.50 7.50
142 7.50 7.50
143 7.50 7.50
144 7.50 7.50
145 7.50 7.50
146 7.50 7.50
147 7.50 7.50
148 7.50 7.50
149 7.50 7.50
150 7.50 7.50
151 7.50 7.50
152 7.50 7.50
153 7.50 7.50
154 7.50 7.50
155 7.50 7.50
156 7.50 7.50
157 7.50 7.50
158 7.50 7.50
159 7.50 7.50
160 7.50 7.50
161 7.50 7.50
162 7.50 7.50
163 7.50 7.50
164 7.50 7.50
165 7.50 7.50
166 7.50 7.50
167 7.50 7.50
168 7.50 7.50
169 7.50 7.50
170 7.50 7.50
171 7.50 7.50
172 15.00 15.00
173 15.00 15.00
174 15.00 15.00
175 15.00 15.00
176 15.00 15.00
177 15.00 15.00
178 15.00 15.00
179 15.00 15.00
180 15.00 15.00
181 15.00 15.00
182 15.00 15.00
183 15.00 15.00
184 15.00 15.00
185 15.00 15.00
186 15.00 15.00
187 15.00 15.00
188 15.00 15.00
189 15.00 15.00
190 15.00 15.00
191 15.00 15.00
192 15.00 15.00
193 15.00 15.00
194 15.00 15.00
195 15.00 15.00
196 15.00 15.00
197 15.00 15.00
198 15.00 15.00
