0 0.67 0.00
1 0.67 0.00
2 0.67 0.00
3 0.67 0.00
4 0.67 0.00
5 0.67 0.00
6 0.67 0.00
7 0.67 0.00
8 0.67 0.00
9 0.67 0.00
10 0.67 0.00
11 0.67 0.00
12 0.67 0.00
13 0.67 0.00
14 0.67 0.00
15 0.67 0.00
16 0.67 0.00
17 0.67 0.00
18 0.67 0.00
19 0.67 0.00
20 0.67 0.00
21 0.67 0.00
22 0.67 0.00
23 0.67 0.00
24 0.67 0.00
25 0.67 0.00
26 0.67 0.00
27 0.67 0.00
28 0.67 0.00
29 0.67 0.00
30 0.67 0.00
31 0.67 0.00
32 0.67 0.00
33 0.67 0.00
34 0.67 0.00
35 0.67 0.00
36 0.67 0.00
37 0.67 0.00
38 0.67 0.00
39 0.67 0.00
40 0.67 0.00
41 0.67 0.00
42 0.67 0.00
43 0.67 0.00
44 0.67 0.00
45 0.67 0.00
46 0.67 0.00
47 0.67 0.00
48 0.67 0.00
49 0.67 0.00
50 0.52 0.00
51 0.52 0.00
52 0.52 0.00
53 0.52 0.00
54 0.52 0.00
55 0.52 0.00
56 0.52 0.00
57 0.52 0.00
58 0.52 0.00
59 0.52 0.00
60 0.52 0.00
61 0.52 0.00
62 0.52 0.00
63 0.52 0.00
64 0.52 0.00
65 0.52 0.00
66 0.52 0.00
67 0.52 0.00
68 0.52 0.00
69 0.52 0.00
70 0.52 0.00
71 0.52 0.00
72 0.52 0.00
73 0.52 0.00
74 0.52 0.00
75 0.52 0.00
76 0.52 0.00
77 0.52 0.00
78 0.52 0.00
79 0.52 0.00
80 0.52 0.00
81 0.52 0.00
82 0.52 0.00
83 0.52 0.00
84 0.52 0.00
85 0.52 0.00
86 0.52 0.00
87 0.52 0.00
88 0.52 0.00
89 0.52 0.00
90 0.52 0.00
91 0.52 0.00
92 0.52 0.00
93 0.52 0.00
94 0.52 0.00
95 0.52 0.00
96 0.52 0.00
97 0.52 0.00
98 0.52 0.00
99 0.52 0.00
100 0.48 0.00
101 0.48 0.00
102 0.48 0.00
103 0.48 0.00
104 0.48 0.00
105 0.48 0.00
106 0.48 0.00
107 0.48 0.00
108 0.48 0.00
109 0.48 0.00
110 0.48 0.00
111 0.48 0.00
112 0.48 0.00
113 0.48 0.00
114 0.48 0.00
115 0.48 0.00
116 0.48 0.00
117 0.48 0.00
118 0.48 0.00
119 0.48 0.00
120 0.48 0.00
121 0.48 0.00
122 0.48 0.00
123 0.48 0.00
124 0.48 0.00
125 0.48 0.00
126 0.48 0.00
127 0.48 0.00
128 0.48 0.00
129 0.48 0.00
130 0.48 0.00
131 0.48 0.00
132 0.48 0.00
133 0.48 0.00
134 0.48 0.00
135 0.48 0.00
136 0.48 0.00
137 0.48 0.00
138 0.48 0.00
139 0.48 0.00
140 0.48 0.00
141 0.48 0.00
142 0.48 0.00
143 0.48 0.00
144 0.48 0.00
145 0.48 0.00
146 0.48 0.00
147 0.48 0.00
148 0.48 0.00
149 0.48 0.00
150 1.05 0.00
151 1.05 0.00
152 1.05 0.00
153 1.05 0.00
154 1.05 0.00
155 1.05 0.00
156 1.05 0.00
157 1.05 0.00
158 1.05 0.00
159 1.05 0.00
160 1.05 0.00
161 1.05 0.00
162 1.05 0.00
163 1.05 0.00
164 1.05 0.00
165 1.05 0.00
166 1.05 0.00
167 1.05 0.00
168 1.05 0.00
169 1.05 0.00
170 1.05 0.00
171 1.05 0.00
172 1.05 0.00
173 1.05 0.00
174 1.05 0.00
175 1.05 0.00
176 1.05 0.00
177 1.05 0.00
178 1.05 0.00
179 1.05 0.00
180 1.05 0.00
181 1.05 0.00
182 1.05 0.00
183 1.05 0.00
184 1.05 0.00
185 1.05 0.00
186 1.05 0.00
187 1.05 0.00
188 1.05 0.00
189 1.05 0.00
190 1.05 0.00
191 1.05 0.00
192 1.05 0.00
193 1.05 0.00
194 1.05 0.00
195 1.05 0.00
196 1.05 0.00
197 1.05 0.00
198 1.05 0.00
199 1.05 0.00
200 0.43 0.00
201 0.43 0.00
202 0.43 0.00
203 0.43 0.00
204 0.43 0.00
205 0.43 0.00
206 0.43 0.00
207 0.43 0.00
208 0.43 0.00
209 0.43 0.00
210 0.43 0.00
211 0.43 0.00
212 0.43 0.00
213 0.43 0.00
214 0.43 0.00
215 0.43 0.00
216 0.43 0.00
217 0.43 0.00
218 0.43 0.00
219 0.43 0.00
220 0.43 0.00
221 0.43 0.00
222 0.43 0.00
223 0.43 0.00
224 0.43 0.00
225 0.43 0.00
226 0.43 0.00
227 0.43 0.00
228 0.43 0.00
229 0.43 0.00
230 0.43 0.00
231 0.43 0.00
232 0.43 0.00
233 0.43 0.00
234 0.43 0.00
235 0.43 0.00
236 0.43 0.00
237 0.43 0.00
238 0.43 0.00
239 0.43 0.00
240 0.43 0.00
241 0.43 0.00
242 0.43 0.00
243 0.43 0.00
244 0.43 0.00
245 0.43 0.00
246 0.43 0.00
247 0.43 0.00
248 0.43 0.00
249 0.43 0.00
250 0.38 0.00
251 0.38 0.00
252 0.38 0.00
253 0.38 0.00
254 0.38 0.00
255 0.38 0.00
256 0.38 0.00
257 0.38 0.00
258 0.38 0.00
259 0.38 0.00
260 0.38 0.00
261 0.38 0.00
262 0.38 0.00
263 0.38 0.00
264 0.38 0.00
265 0.38 0.00
266 0.38 0.00
267 0.38 0.00
268 0.38 0.00
269 0.38 0.00
270 0.38 0.00
271 0.38 0.00
272 0.38 0.00
273 0.38 0.00
274 0.38 0.00
275 0.38 0.00
276 0.38 0.00
277 0.38 0.00
278 0.38 0.00
279 0.38 0.00
280 0.38 0.00
281 0.38 0.00
282 0.38 0.00
283 0.38 0.00
284 0.38 0.00
285 0.38 0.00
286 0.38 0.00
287 0.38 0.00
288 0.38 0.00
289 0.38 0.00
290 0.38 0.00
291 0.38 0.00
292 0.38 0.00
293 0.38 0.00
294 0.38 0.00
295 0.38 0.00
296 0.38 0.00
297 0.38 0.00
298 0.38 0.00
299 0.38 0.00
300 0.62 0.00
301 0.62 0.00
302 0.62 0.00
303 0.62 0.00
304 0.62 0.00
305 0.62 0.00
306 0.62 0.00
307 0.62 0.00
308 0.62 0.00
309 0.62 0.00
310 0.62 0.00
311 0.62 0.00
312 0.62 0.00
313 0.62 0.00
314 0.62 0.00
315 0.62 0.00
316 0.62 0.00
317 0.62 0.00
318 0.62 0.00
319 0.62 0.00
320 0.62 0.00
321 0.62 0.00
322 0.62 0.00
323 0.62 0.00
324 0.62 0.00
325 0.62 0.00
326 0.62 0.00
327 0.62 0.00
328 0.62 0.00
329 0.62 0.00
330 0.62 0.00
331 0.62 0.00
332 0.62 0.00
333 0.62 0.00
334 0.62 0.00
335 0.62 0.00
336 0.62 0.00
337 0.62 0.00
338 0.62 0.00
339 0.62 0.00
340 0.62 0.00
341 0.62 0.00
342 0.62 0.00
343 0.62 0.00
344 0.62 0.00
345 0.62 0.00
346 0.62 0.00
347 0.62 0.00
348 0.62 0.00
349 0.62 0.00
350 0.86 0.00
351 0.86 0.00
352 0.86 0.00
353 0.86 0.00
354 0.86 0.00
355 0.86 0.00
356 0.86 0.00
357 0.86 0.00
358 0.86 0.00
359 0.86 0.00
360 0.86 0.00
361 0.86 0.00
362 0.86 0.00
363 0.86 0.00
364 0.86 0.00
365 0.86 0.00
366 0.86 0.00
367 0.86 0.00
368 0.86 0.00
369 0.86 0.00
370 0.86 0.00
371 0.86 0.00
372 0.86 0.00
373 0.86 0.00
374 0.86 0.00
375 0.86 0.00
376 0.86 0.00
377 0.86 0.00
378 0.86 0.00
379 0.86 0.00
380 0.86 0.00
381 0.86 0.00
382 0.86 0.00
383 0.86 0.00
384 0.86 0.00
385 0.86 0.00
386 0.86 0.00
387 0.86 0.00
388 0.86 0.00
389 0.86 0.00
390 0.86 0.00
391 0.86 0.00
392 0.86 0.00
393 0.86 0.00
394 0.86 0.00
395 0.86 0.00
396 0.86 0.00
397 0.86 0.00
398 0.86 0.00
399 0.86 0.00
400 0.90 0.00
401 0.90 0.00
402 0.90 0.00
403 0.90 0.00
404 0.90 0.00
405 0.90 0.00
406 0.90 0.00
407 0.90 0.00
408 0.90 0.00
409 0.90 0.00
410 0.90 0.00
411 0.90 0.00
412 0.90 0.00
413 0.90 0.00
414 0.90 0.00
415 0.90 0.00
416 0.90 0.00
417 0.90 0.00
418 0.90 0.00
419 0.90 0.00
420 0.90 0.00
421 0.90 0.00
422 0.90 0.00
423 0.90 0.00
424 0.90 0.00
425 0.90 0.00
426 0.90 0.00
427 0.90 0.00
428 0.90 0.00
429 0.90 0.00
430 0.90 0.00
431 0.90 0.00
432 0.90 0.00
433 0.90 0.00
434 0.90 0.00
435 0.90 0.00
436 0.90 0.00
437 0.90 0.00
438 0.90 0.00
439 0.90 0.00
440 0.90 0.00
441 0.90 0.00
442 0.90 0.00
443 0.90 0.00
444 0.90 0.00
445 0.90 0.00
446 0.90 0.00
447 0.90 0.00
448 0.90 0.00
449 0.90 0.00
450 1.00 0.00
451 1.00 0.00
452 1.00 0.00
453 1.00 0.00
454 1.00 0.00
455 1.00 0.00
456 1.00 0.00
457 1.00 0.00
458 1.00 0.00
459 1.00 0.00
460 1.00 0.00
461 1.00 0.00
462 1.00 0.00
463 1.00 0.00
464 1.00 0.00
465 1.00 0.00
466 1.00 0.00
467 1.00 0.00
468 1.00 0.00
469 1.00 0.00
470 1.00 0.00
471 1.00 0.00
472 1.00 0.00
473 1.00 0.00
474 1.00 0.00
475 1.00 0.00
476 1.00 0.00
477 1.00 0.00
478 1.00 0.00
479 1.00 0.00
480 1.00 0.00
481 1.00 0.00
482 1.00 0.00
483 1.00 0.00
484 1.00 0.00
485 1.00 0.00
486 1.00 0.00
487 1.00 0.00
488 1.00 0.00
489 1.00 0.00
490 1.00 0.00
491 1.00 0.00
492 1.00 0.00
493 1.00 0.00
494 1.00 0.00
495 1.00 0.00
496 1.00 0.00
497 1.00 0.00
498 1.00 0.00
499 1.00 0.00
500 0.86 0.00
501 0.86 0.00
502 0.86 0.00
503 0.86 0.00
504 0.86 0.00
505 0.86 0.00
506 0.86 0.00
507 0.86 0.00
508 0.86 0.00
509 0.86 0.00
510 0.86 0.00
511 0.86 0.00
512 0.86 0.00
513 0.86 0.00
514 0.86 0.00
515 0.86 0.00
516 0.86 0.00
517 0.86 0.00
518 0.86 0.00
519 0.86 0.00
520 0.86 0.00
521 0.86 0.00
522 0.86 0.00
523 0.86 0.00
524 0.86 0.00
525 0.86 0.00
526 0.86 0.00
527 0.86 0.00
528 0.86 0.00
529 0.86 0.00
530 0.86 0.00
531 0.86 0.00
532 0.86 0.00
533 0.86 0.00
534 0.86 0.00
535 0.86 0.00
536 0.86 0.00
537 0.86 0.00
538 0.86 0.00
539 0.86 0.00
540 0.86 0.00
541 0.86 0.00
542 0.86 0.00
543 0.86 0.00
544 0.86 0.00
545 0.86 0.00
546 0.86 0.00
547 0.86 0.00
548 0.86 0.00
549 0.86 0.00
550 0.90 0.00
551 0.90 0.00
552 0.90 0.00
553 0.90 0.00
554 0.90 0.00
555 0.90 0.00
556 0.90 0.00
557 0.90 0.00
558 0.90 0.00
559 0.90 0.00
560 0.90 0.00
561 0.90 0.00
562 0.90 0.00
563 0.90 0.00
564 0.90 0.00
565 0.90 0.00
566 0.90 0.00
567 0.90 0.00
568 0.90 0.00
569 0.90 0.00
570 0.90 0.00
571 0.90 0.00
572 0.90 0.00
573 0.90 0.00
574 0.90 0.00
575 0.90 0.00
576 0.90 0.00
577 0.90 0.00
578 0.90 0.00
579 0.90 0.00
580 0.90 0.00
581 0.90 0.00
582 0.90 0.00
583 0.90 0.00
584 0.90 0.00
585 0.90 0.00
586 0.90 0.00
587 0.90 0.00
588 0.90 0.00
589 0.90 0.00
590 0.90 0.00
591 0.90 0.00
592 0.90 0.00
593 0.90 0.00
594 0.90 0.00
595 0.90 0.00
596 0.90 0.00
597 0.90 0.00
598 0.90 0.00
599 0.90 0.00
600 1.00 0.00
601 1.00 0.00
602 1.00 0.00
603 1.00 0.00
604 1.00 0.00
605 1.00 0.00
606 1.00 0.00
607 1.00 0.00
608 1.00 0.00
609 1.00 0.00
610 1.00 0.00
611 1.00 0.00
612 1.00 0.00
613 1.00 0.00
614 1.00 0.00
615 1.00 0.00
616 1.00 0.00
617 1.00 0.00
618 1.00 0.00
619 1.00 0.00
620 1.00 0.00
621 1.00 0.00
622 1.00 0.00
623 1.00 0.00
624 1.00 0.00
625 1.00 0.00
626 1.00 0.00
627 1.00 0.00
628 1.00 0.00
629 1.00 0.00
630 1.00 0.00
631 1.00 0.00
632 1.00 0.00
633 1.00 0.00
634 1.00 0.00
635 1.00 0.00
636 1.00 0.00
637 1.00 0.00
638 1.00 0.00
639 1.00 0.00
640 1.00 0.00
641 1.00 0.00
642 1.00 0.00
643 1.00 0.00
644 1.00 0.00
645 1.00 0.00
646 1.00 0.00
647 1.00 0.00
648 1.00 0.00
649 1.00 0.00
650 1.10 0.00
651 1.10 0.00
652 1.10 0.00
653 1.10 0.00
654 1.10 0.00
655 1.10 0.00
656 1.10 0.00
657 1.10 0.00
658 1.10 0.00
659 1.10 0.00
660 1.10 0.00
661 1.10 0.00
662 1.10 0.00
663 1.10 0.00
664 1.10 0.00
665 1.10 0.00
666 1.10 0.00
667 1.10 0.00
668 1.10 0.00
669 1.10 0.00
670 1.10 0.00
671 1.10 0.00
672 1.10 0.00
673 1.10 0.00
674 1.10 0.00
675 1.10 0.00
676 1.10 0.00
677 1.10 0.00
678 1.10 0.00
679 1.10 0.00
680 1.10 0.00
681 1.10 0.00
682 1.10 0.00
683 1.10 0.00
684 1.10 0.00
685 1.10 0.00
686 1.10 0.00
687 1.10 0.00
688 1.10 0.00
689 1.10 0.00
690 1.10 0.00
691 1.10 0.00
692 1.10 0.00
693 1.10 0.00
694 1.10 0.00
695 1.10 0.00
696 1.10 0.00
697 1.10 0.00
698 1.10 0.00
699 1.10 0.00
700 0.71 0.00
701 0.71 0.00
702 0.71 0.00
703 0.71 0.00
704 0.71 0.00
705 0.71 0.00
706 0.71 0.00
707 0.71 0.00
708 0.71 0.00
709 0.71 0.00
710 0.71 0.00
711 0.71 0.00
712 0.71 0.00
713 0.71 0.00
714 0.71 0.00
715 0.71 0.00
716 0.71 0.00
717 0.71 0.00
718 0.71 0.00
719 0.71 0.00
720 0.71 0.00
721 0.71 0.00
722 0.71 0.00
723 0.71 0.00
724 0.71 0.00
725 0.71 0.00
726 0.71 0.00
727 0.71 0.00
728 0.71 0.00
729 0.71 0.00
730 0.71 0.00
731 0.71 0.00
732 0.71 0.00
733 0.71 0.00
734 0.71 0.00
735 0.71 0.00
736 0.71 0.00
737 0.71 0.00
738 0.71 0.00
739 0.71 0.00
740 0.71 0.00
741 0.71 0.00
742 0.71 0.00
743 0.71 0.00
744 0.71 0.00
745 0.71 0.00
746 0.71 0.00
747 0.71 0.00
748 0.71 0.00
749 0.71 0.00
750 0.95 0.00
751 0.95 0.00
752 0.95 0.00
753 0.95 0.00
754 0.95 0.00
755 0.95 0.00
756 0.95 0.00
757 0.95 0.00
758 0.95 0.00
759 0.95 0.00
760 0.95 0.00
761 0.95 0.00
762 0.95 0.00
763 0.95 0.00
764 0.95 0.00
765 0.95 0.00
766 0.95 0.00
767 0.95 0.00
768 0.95 0.00
769 0.95 0.00
770 0.95 0.00
771 0.95 0.00
772 0.95 0.00
773 0.95 0.00
774 0.95 0.00
775 0.95 0.00
776 0.95 0.00
777 0.95 0.00
778 0.95 0.00
779 0.95 0.00
780 0.95 0.00
781 0.95 0.00
782 0.95 0.00
783 0.95 0.00
784 0.95 0.00
785 0.95 0.00
786 0.95 0.00
787 0.95 0.00
788 0.95 0.00
789 0.95 0.00
790 0.95 0.00
791 0.95 0.00
792 0.95 0.00
793 0.95 0.00
794 0.95 0.00
795 0.95 0.00
796 0.95 0.00
797 0.95 0.00
798 0.95 0.00
799 0.95 0.00
800 0.48 0.00
801 0.48 0.00
802 0.48 0.00
803 0.48 0.00
804 0.48 0.00
805 0.48 0.00
806 0.48 0.00
807 0.48 0.00
808 0.48 0.00
809 0.48 0.00
810 0.48 0.00
811 0.48 0.00
812 0.48 0.00
813 0.48 0.00
814 0.48 0.00
815 0.48 0.00
816 0.48 0.00
817 0.48 0.00
818 0.48 0.00
819 0.48 0.00
820 0.48 0.00
821 0.48 0.00
822 0.48 0.00
823 0.48 0.00
824 0.48 0.00
825 0.48 0.00
826 0.48 0.00
827 0.48 0.00
828 0.48 0.00
829 0.48 0.00
830 0.48 0.00
831 0.48 0.00
832 0.48 0.00
833 0.48 0.00
834 0.48 0.00
835 0.48 0.00
836 0.48 0.00
837 0.48 0.00
838 0.48 0.00
839 0.48 0.00
840 0.48 0.00
841 0.48 0.00
842 0.48 0.00
843 0.48 0.00
844 0.48 0.00
845 0.48 0.00
846 0.48 0.00
847 0.48 0.00
848 0.48 0.00
849 0.48 0.00
850 1.19 0.00
851 1.19 0.00
852 1.19 0.00
853 1.19 0.00
854 1.19 0.00
855 1.19 0.00
856 1.19 0.00
857 1.19 0.00
858 1.19 0.00
859 1.19 0.00
860 1.19 0.00
861 1.19 0.00
862 1.19 0.00
863 1.19 0.00
864 1.19 0.00
865 1.19 0.00
866 1.19 0.00
867 1.19 0.00
868 1.19 0.00
869 1.19 0.00
870 1.19 0.00
871 1.19 0.00
872 1.19 0.00
873 1.19 0.00
874 1.19 0.00
875 1.19 0.00
876 1.19 0.00
877 1.19 0.00
878 1.19 0.00
879 1.19 0.00
880 1.19 0.00
881 1.19 0.00
882 1.19 0.00
883 1.19 0.00
884 1.19 0.00
885 1.19 0.00
886 1.19 0.00
887 1.19 0.00
888 1.19 0.00
889 1.19 0.00
890 1.19 0.00
891 1.19 0.00
892 1.19 0.00
893 1.19 0.00
894 1.19 0.00
895 1.19 0.00
896 1.19 0.00
897 1.19 0.00
898 1.19 0.00
899 1.19 0.00
900 0.90 0.00
901 0.90 0.00
902 0.90 0.00
903 0.90 0.00
904 0.90 0.00
905 0.90 0.00
906 0.90 0.00
907 0.90 0.00
908 0.90 0.00
909 0.90 0.00
910 0.90 0.00
911 0.90 0.00
912 0.90 0.00
913 0.90 0.00
914 0.90 0.00
915 0.90 0.00
916 0.90 0.00
917 0.90 0.00
918 0.90 0.00
919 0.90 0.00
920 0.90 0.00
921 0.90 0.00
922 0.90 0.00
923 0.90 0.00
924 0.90 0.00
925 0.90 0.00
926 0.90 0.00
927 0.90 0.00
928 0.90 0.00
929 0.90 0.00
930 0.90 0.00
931 0.90 0.00
932 0.90 0.00
933 0.90 0.00
934 0.90 0.00
935 0.90 0.00
936 0.90 0.00
937 0.90 0.00
938 0.90 0.00
939 0.90 0.00
940 0.90 0.00
941 0.90 0.00
942 0.90 0.00
943 0.90 0.00
944 0.90 0.00
945 0.90 0.00
946 0.90 0.00
947 0.90 0.00
948 0.90 0.00
949 0.90 0.00
950 0.43 0.00
951 0.43 0.00
952 0.43 0.00
953 0.43 0.00
954 0.43 0.00
955 0.43 0.00
956 0.43 0.00
957 0.43 0.00
958 0.43 0.00
959 0.43 0.00
960 0.43 0.00
961 0.43 0.00
962 0.43 0.00
963 0.43 0.00
964 0.43 0.00
965 0.43 0.00
966 0.43 0.00
967 0.43 0.00
968 0.43 0.00
969 0.43 0.00
970 0.43 0.00
971 0.43 0.00
972 0.43 0.00
973 0.43 0.00
974 0.43 0.00
975 0.43 0.00
976 0.43 0.00
977 0.43 0.00
978 0.43 0.00
979 0.43 0.00
980 0.43 0.00
981 0.43 0.00
982 0.43 0.00
983 0.43 0.00
984 0.43 0.00
985 0.43 0.00
986 0.43 0.00
987 0.43 0.00
988 0.43 0.00
989 0.43 0.00
990 0.43 0.00
991 0.43 0.00
992 0.43 0.00
993 0.43 0.00
994 0.43 0.00
995 0.43 0.00
996 0.43 0.00
997 0.43 0.00
998 0.43 0.00
999 0.43 0.00
1000 0.76 0.00
1001 0.76 0.00
1002 0.76 0.00
1003 0.76 0.00
1004 0.76 0.00
1005 0.76 0.00
1006 0.76 0.00
1007 0.76 0.00
1008 0.76 0.00
1009 0.76 0.00
1010 0.76 0.00
1011 0.76 0.00
1012 0.76 0.00
1013 0.76 0.00
1014 0.76 0.00
1015 0.76 0.00
1016 0.76 0.00
1017 0.76 0.00
1018 0.76 0.00
1019 0.76 0.00
1020 0.76 0.00
1021 0.76 0.00
1022 0.76 0.00
1023 0.76 0.00
1024 0.76 0.00
1025 0.76 0.00
1026 0.76 0.00
1027 0.76 0.00
1028 0.76 0.00
1029 0.76 0.00
1030 0.76 0.00
1031 0.76 0.00
1032 0.76 0.00
1033 0.76 0.00
1034 0.76 0.00
1035 0.76 0.00
1036 0.76 0.00
1037 0.76 0.00
1038 0.76 0.00
1039 0.76 0.00
