0 0.00 0.00 3.00
1 0.00 0.00 3.00
2 0.00 0.00 3.00
3 0.00 0.00 3.00
4 0.00 0.00 3.00
5 50.00 0.00 3.00
6 50.00 0.00 3.00
7 50.00 0.00 3.00
8 50.00 0.00 3.00
9 50.00 0.00 3.00
10 110.00 0.00 3.00
11 110.00 0.00 3.00
12 110.00 0.00 3.00
13 110.00 0.00 3.00
14 110.00 0.00 3.00
15 130.00 0.00 3.00
16 130.00 0.00 3.00
17 130.00 0.00 3.00
18 130.00 0.00 3.00
19 130.00 0.00 3.00
20 150.00 0.00 3.00
21 150.00 0.00 3.00
22 150.00 0.00 3.00
23 150.00 0.00 3.00
24 150.00 0.00 3.00
25 170.00 0.00 3.00
26 170.00 0.00 3.00
27 170.00 0.00 3.00
28 170.00 0.00 3.00
29 170.00 0.00 3.00
30 190.00 0.00 3.00
31 190.00 0.00 3.00
32 190.00 0.00 3.00
33 190.00 0.00 3.00
34 190.00 0.00 3.00
35 210.00 0.00 3.00
36 210.00 0.00 3.00
37 210.00 0.00 3.00
38 210.00 0.00 3.00
39 210.00 0.00 3.00
40 230.00 0.00 3.00
41 230.00 0.00 3.00
42 230.00 0.00 3.00
43 230.00 0.00 3.00
44 238.50 0.00 3.00
45 248.50 0.00 3.00
46 248.50 0.00 3.00
47 248.50 0.00 3.00
48 248.50 0.00 3.00
49 258.50 0.00 3.00
50 268.50 0.00 3.00
51 268.50 0.00 3.00
52 268.50 0.00 3.00
53 268.50 0.00 3.00
54 278.50 0.00 3.00
55 288.50 0.00 3.00
56 288.50 0.00 3.00
57 288.50 0.00 3.00
58 288.50 0.00 3.00
59 298.50 0.00 3.00
60 308.50 0.00 3.00
61 308.50 0.00 3.00
62 308.50 0.00 3.00
63 308.50 0.00 3.00
64 318.50 0.00 3.00
65 330.11 0.00 3.00
66 330.11 0.00 3.00
67 330.11 0.00 3.00
68 330.11 0.00 3.00
69 340.11 0.00 3.00
70 351.72 0.00 3.00
71 351.72 0.00 3.00
72 351.72 0.00 3.00
73 351.72 0.00 3.00
74 361.72 0.00 3.00
75 383.33 0.00 3.00
76 383.33 0.00 3.00
77 383.33 0.00 3.00
78 388.33 0.00 3.00
79 398.33 0.00 3.00
80 403.33 0.00 3.00
81 407.62 0.00 3.00
82 407.62 0.00 3.00
83 407.62 0.00 3.00
84 414.48 0.00 3.00
85 429.48 0.00 3.00
86 429.48 0.00 3.00
87 429.48 0.00 3.00
88 429.48 0.00 3.00
89 439.48 0.00 3.00
90 464.48 0.00 3.00
91 464.48 0.00 3.00
92 464.48 0.00 3.00
93 464.48 0.00 3.00
94 474.48 0.00 3.00
95 509.48 0.00 3.00
96 509.48 0.00 3.00
97 509.48 0.00 3.00
98 509.48 0.00 3.00
99 519.48 0.00 3.00
100 564.48 0.00 3.00
101 564.48 0.00 3.00
102 564.48 0.00 3.00
103 564.48 0.00 3.00
104 574.48 0.00 3.00
105 629.48 0.00 3.00
106 629.48 0.00 3.00
107 629.48 0.00 3.00
108 629.48 0.00 3.00
109 639.48 0.00 3.00
110 704.48 0.00 3.00
111 704.48 0.00 3.00
112 704.48 0.00 3.00
113 704.48 0.00 3.00
114 704.48 0.00 3.00
115 829.48 0.00 3.00
116 829.48 0.00 3.00
117 829.48 0.00 3.00
118 829.48 0.00 3.00
119 829.48 0.00 3.00
120 924.48 0.00 3.00
121 924.48 0.00 3.00
122 924.48 0.00 3.00
123 924.48 0.00 3.00
124 924.48 0.00 3.00
125 1029.48 0.00 3.00
126 1029.48 0.00 3.00
127 1029.48 0.00 3.00
128 1029.48 0.00 3.00
129 1029.48 0.00 3.00
130 1144.48 0.00 3.00
131 1144.48 0.00 3.00
132 1147.08 0.00 3.00
133 1149.60 0.00 3.00
134 1149.60 0.00 3.00
135 1159.60 0.00 3.00
136 1159.60 0.00 3.00
137 1159.60 0.00 3.00
138 1172.12 0.00 3.00
139 1172.12 0.00 3.00
140 1182.12 0.00 3.00
141 1182.12 0.00 3.00
142 1182.12 0.00 3.00
143 1204.64 0.00 3.00
144 1204.64 0.00 3.00
145 1214.64 0.00 3.00
146 1214.64 0.00 3.00
147 1214.64 0.00 3.00
148 1247.16 0.00 3.00
149 1247.16 0.00 3.00
150 1257.16 0.00 3.00
151 1257.16 0.00 3.00
152 1257.16 0.00 3.00
153 1306.93 0.00 3.00
154 1306.93 0.00 3.00
155 1306.93 0.00 3.00
156 1306.93 0.00 3.00
157 1306.93 0.00 3.00
158 1376.70 0.00 3.00
159 1376.70 0.00 3.00
160 1376.70 0.00 3.00
161 1376.70 0.00 3.00
162 1376.70 0.00 3.00
163 1466.46 0.00 3.00
164 1466.46 0.00 3.00
165 1466.46 0.00 3.00
166 1466.46 0.00 3.00
167 1466.46 0.00 3.00
168 1548.98 0.00 3.00
169 1548.98 0.00 3.00
170 1548.98 0.00 3.00
171 1548.98 0.00 3.00
172 1548.98 0.00 3.00
173 1568.98 0.00 3.00
174 1568.98 0.00 3.00
175 1568.98 0.00 3.00
176 1568.98 0.00 3.00
177 1568.98 0.00 3.00
178 1588.98 0.00 3.00
179 1588.98 0.00 3.00
180 1588.98 0.00 3.00
181 1588.98 0.00 3.00
182 1588.98 0.00 3.00
183 1608.98 0.00 3.00
184 1608.98 0.00 3.00
185 1608.98 0.00 3.00
186 1608.98 0.00 3.00
187 1608.98 0.00 3.00
188 1628.98 0.00 3.00
189 1630.35 0.00 3.00
190 1633.74 0.00 3.00
191 1633.74 0.00 3.00
192 1633.74 0.00 3.00
193 1648.42 0.00 3.00
194 1648.42 0.00 3.00
195 1648.42 0.00 3.00
196 1648.42 0.00 3.00
197 1656.68 0.00 3.00
198 1666.68 0.00 3.00
199 1666.68 0.00 3.00
200 1669.93 0.00 3.00
201 1669.93 0.00 3.00
202 1684.43 0.00 3.00
203 1684.43 0.00 3.00
204 1684.43 0.00 3.00
205 1684.43 0.00 3.00
206 1691.93 0.00 3.00
207 1701.93 0.00 3.00
208 1701.93 0.00 3.00
209 1701.93 0.00 3.00
210 1701.93 0.00 3.00
211 1711.93 0.00 3.00
212 1721.93 0.00 3.00
213 1721.93 0.00 3.00
214 1721.93 0.00 3.00
215 1721.93 0.00 3.00
216 1731.93 0.00 3.00
217 1741.93 0.00 3.00
218 1741.93 0.00 3.00
219 1741.93 0.00 3.00
220 1741.93 0.00 3.00
221 1751.93 0.00 3.00
222 1761.93 0.00 3.00
223 1761.93 0.00 3.00
224 1761.93 0.00 3.00
225 1761.93 0.00 3.00
226 1771.93 0.00 3.00
227 1781.93 0.00 3.00
228 1781.93 0.00 3.00
229 1781.93 0.00 3.00
230 1781.93 0.00 3.00
231 1791.93 0.00 3.00
232 1801.93 0.00 3.00
233 1801.93 0.00 3.00
234 1807.27 0.00 3.00
235 1807.27 0.00 3.00
236 1815.51 0.00 3.00
237 1815.51 0.00 3.00
238 1815.51 0.00 3.00
239 1825.51 0.00 3.00
240 1825.51 0.00 3.00
241 1835.51 0.00 3.00
242 1835.51 0.00 3.00
243 1835.51 0.00 3.00
244 1845.51 0.00 3.00
245 1845.51 0.00 3.00
246 1855.51 0.00 3.00
247 1855.51 0.00 3.00
248 1855.51 0.00 3.00
249 1865.51 0.00 3.00
250 1865.51 0.00 3.00
251 1875.51 0.00 3.00
252 1875.51 0.00 3.00
253 1875.51 0.00 3.00
254 1885.51 0.00 3.00
255 1885.51 0.00 3.00
256 1895.51 0.00 3.00
257 1895.51 0.00 3.00
258 1895.51 0.00 3.00
259 1905.51 0.00 3.00
260 1905.51 0.00 3.00
261 1915.51 0.00 3.00
262 1915.51 0.00 3.00
263 1915.51 0.00 3.00
264 1925.51 0.00 3.00
265 1925.51 0.00 3.00
266 1935.51 0.00 3.00
267 1935.51 0.00 3.00
268 1935.51 0.00 3.00
269 1945.51 0.00 3.00
270 1945.51 0.00 3.00
271 1955.51 0.00 3.00
272 1955.51 0.00 3.00
273 1955.51 0.00 3.00
274 1965.51 0.00 3.00
275 1965.51 0.00 3.00
276 1975.51 0.00 3.00
277 1975.51 0.00 3.00
278 1975.51 0.00 3.00
279 1985.51 0.00 3.00
280 1985.51 0.00 3.00
281 1995.51 0.00 3.00
282 1995.51 0.00 3.00
283 1995.51 0.00 3.00
284 2005.51 0.00 3.00
285 2005.51 0.00 3.00
286 2015.51 0.00 3.00
287 2015.51 0.00 3.00
288 2015.51 0.00 3.00
289 2015.51 0.00 3.00
290 2015.51 0.00 3.00
291 2025.51 0.00 3.00
292 2025.51 0.00 3.00
293 2025.51 0.00 3.00
294 2025.51 0.00 3.00
295 2025.51 0.00 3.00
296 2035.51 0.00 3.00
297 2035.51 0.00 3.00
298 2035.51 0.00 3.00
299 2035.51 0.00 3.00
300 2035.51 0.00 3.00
301 2045.51 0.00 3.00
302 2047.65 0.00 3.00
303 2047.65 0.00 3.00
304 2047.65 0.00 3.00
305 2047.65 0.00 3.00
306 2047.65 0.00 3.00
307 2059.80 0.00 3.00
308 2059.80 0.00 3.00
309 2059.80 0.00 3.00
310 2059.80 0.00 3.00
311 2059.80 0.00 3.00
312 2081.95 0.00 3.00
313 2151.79 0.00 3.00
314 2151.79 0.00 3.00
315 2151.79 0.00 3.00
316 2151.79 0.00 3.00
317 2183.93 0.00 3.00
318 2193.93 0.00 3.00
319 2195.05 0.00 3.00
320 2197.45 0.00 3.00
321 2198.94 0.00 3.00
322 2200.44 0.00 3.00
323 2203.44 0.00 3.00
324 2205.81 0.00 3.00
325 2257.31 0.00 3.00
326 2257.31 0.00 3.00
327 2260.31 0.00 3.00
328 2260.31 0.00 3.00
329 2264.81 0.00 3.00
330 2274.81 0.00 3.00
331 2274.81 0.00 3.00
332 2280.81 0.00 3.00
333 2282.09 0.00 3.00
334 2285.09 0.00 3.00
335 2295.09 0.00 3.00
336 2299.59 0.00 3.00
337 2299.59 0.00 3.00
338 2299.59 0.00 3.00
339 2305.59 0.00 3.00
340 2315.59 0.00 3.00
341 2315.59 0.00 3.00
342 2315.59 0.00 3.00
343 2315.59 0.00 3.00
344 2324.59 0.00 3.00
345 2334.59 0.00 3.00
346 2334.59 0.00 3.00
347 2334.59 0.00 3.00
348 2334.59 0.00 3.00
349 2344.59 0.00 3.00
350 2354.59 0.00 3.00
351 2354.59 0.00 3.00
352 2354.59 0.00 3.00
353 2354.59 0.00 3.00
354 2364.59 0.00 3.00
355 2374.59 0.00 3.00
356 2374.59 0.00 3.00
357 2374.59 0.00 3.00
358 2374.59 0.00 3.00
359 2384.59 0.00 3.00
360 2394.59 0.00 3.00
361 2394.59 0.00 3.00
362 2394.59 0.00 3.00
363 2394.59 0.00 3.00
364 2404.59 0.00 3.00
365 2414.59 0.00 3.00
366 2414.59 0.00 3.00
367 2414.59 0.00 3.00
368 2414.59 0.00 3.00
369 2424.59 0.00 3.00
370 2434.59 0.00 3.00
371 2434.59 0.00 3.00
372 2440.44 0.00 3.00
373 2440.44 0.00 3.00
374 2440.44 0.00 3.00
375 2450.44 0.00 3.00
376 2450.44 0.00 3.00
377 2466.29 0.00 3.00
378 2466.29 0.00 3.00
379 2466.29 0.00 3.00
380 2476.29 0.00 3.00
381 2476.29 0.00 3.00
382 2486.29 0.00 3.00
383 2486.29 0.00 3.00
384 2486.29 0.00 3.00
385 2496.29 0.00 3.00
386 2496.29 0.00 3.00
387 2506.29 0.00 3.00
388 2513.00 0.00 3.00
389 2513.00 0.00 3.00
390 2513.00 0.00 3.00
391 2513.00 0.00 3.00
392 2523.00 0.00 3.00
393 2539.71 0.00 3.00
394 2539.71 0.00 3.00
395 2539.71 0.00 3.00
396 2539.71 0.00 3.00
397 2549.71 0.00 3.00
398 2576.43 0.00 3.00
399 2576.43 0.00 3.00
400 2576.43 0.00 3.00
401 2576.43 0.00 3.00
402 2586.43 0.00 3.00
403 2623.14 0.00 3.00
404 2623.14 0.00 3.00
405 2626.94 0.00 3.00
406 2626.94 0.00 3.00
407 2640.54 0.00 3.00
408 2640.54 0.00 3.00
409 2640.54 0.00 3.00
410 2640.54 0.00 3.00
411 2640.54 0.00 3.00
412 2664.14 0.00 3.00
413 2664.14 0.00 3.00
414 2664.14 0.00 3.00
415 2664.14 0.00 3.00
416 2664.14 0.00 3.00
417 2697.74 0.00 3.00
418 2697.74 0.00 3.00
419 2697.74 0.00 3.00
420 2697.74 0.00 3.00
421 2697.74 0.00 3.00
422 2741.34 0.00 3.00
423 2741.34 0.00 3.00
424 2741.34 0.00 3.00
425 2741.34 0.00 3.00
426 2741.34 0.00 3.00
427 2794.94 0.00 3.00
428 2794.94 0.00 3.00
429 2794.94 0.00 3.00
430 2794.94 0.00 3.00
431 2794.94 0.00 3.00
432 2858.54 0.00 3.00
433 2858.54 0.00 3.00
434 2858.54 0.00 3.00
435 2858.54 0.00 3.00
436 2858.54 0.00 3.00
437 2932.14 0.00 3.00
438 2932.14 0.00 3.00
439 2932.14 0.00 3.00
440 2932.14 0.00 3.00
441 2932.14 0.00 3.00
442 3015.74 0.00 3.00
443 3015.74 0.00 3.00
444 3015.74 0.00 3.00
445 3015.74 0.00 3.00
446 3015.74 0.00 3.00
447 3109.34 0.00 3.00
448 3109.34 0.00 3.00
449 3109.34 0.00 3.00
450 3109.34 0.00 3.00
451 3109.34 0.00 3.00
452 3212.94 0.00 3.00
453 3212.94 0.00 3.00
454 3212.94 0.00 3.00
455 3212.94 0.00 3.00
456 3212.94 0.00 3.00
457 3326.54 0.00 3.00
458 3326.54 0.00 3.00
459 3330.94 0.00 3.00
460 3330.94 0.00 3.00
461 3335.14 0.00 3.00
462 3345.14 0.00 3.00
463 3347.35 0.00 3.00
464 3347.35 0.00 3.00
465 3350.79 0.00 3.00
466 3364.99 0.00 3.00
467 3364.99 0.00 3.00
468 3371.85 0.00 3.00
469 3371.85 0.00 3.00
470 3371.85 0.00 3.00
471 3396.05 0.00 3.00
472 3396.05 0.00 3.00
473 3406.05 0.00 3.00
474 3406.05 0.00 3.00
475 3406.05 0.00 3.00
476 3440.25 0.00 3.00
477 3440.25 0.00 3.00
478 3450.25 0.00 3.00
479 3450.25 0.00 3.00
480 3450.25 0.00 3.00
481 3494.45 0.00 3.00
482 3494.45 0.00 3.00
483 3504.45 0.00 3.00
484 3506.39 0.00 3.00
485 3508.81 0.00 3.00
486 3563.01 0.00 3.00
487 3567.51 0.00 3.00
488 3567.51 0.00 3.00
489 3567.51 0.00 3.00
490 3573.51 0.00 3.00
491 3637.71 0.00 3.00
492 3637.71 0.00 3.00
493 3637.71 0.00 3.00
494 3637.71 0.00 3.00
495 3646.94 0.00 3.00
496 3721.14 0.00 3.00
497 3721.14 0.00 3.00
498 3721.14 0.00 3.00
