0 0.00 0.00
1 0.00 0.00
2 0.00 0.00
3 0.00 0.00
4 0.00 0.00
5 0.00 0.00
6 0.00 0.00
7 0.00 0.00
8 0.00 0.00
9 0.00 0.00
10 0.00 0.00
11 0.00 0.00
12 0.00 0.00
13 0.00 0.00
14 0.00 0.00
15 0.00 0.00
16 0.00 0.00
17 0.00 0.00
18 0.00 0.00
19 0.00 0.00
20 0.00 0.00
21 0.00 0.00
22 0.00 0.00
23 0.00 0.00
24 10.00 0.00
25 10.00 0.00
26 10.00 0.00
27 10.00 0.00
28 10.00 0.00
29 10.00 0.00
30 10.00 0.00
31 10.00 0.00
32 10.00 0.00
33 10.00 0.00
34 10.00 0.00
35 10.00 0.00
36 10.00 0.00
37 10.00 0.00
38 10.00 0.00
39 10.00 0.00
40 10.00 0.00
41 10.00 0.00
42 10.00 0.00
43 10.00 0.00
44 10.00 0.00
45 10.00 0.00
46 10.00 0.00
47 10.00 0.00
48 10.00 0.00
49 10.00 0.00
50 10.00 0.00
51 10.00 0.00
52 10.00 0.00
53 10.00 0.00
54 10.00 0.00
55 10.00 0.00
56 10.00 0.00
57 10.00 0.00
58 10.00 0.00
59 10.00 0.00
60 10.00 0.00
61 10.00 0.00
62 10.00 0.00
63 10.00 0.00
64 10.00 0.00
65 10.00 0.00
66 10.00 0.00
67 10.00 0.00
68 10.00 0.00
69 10.00 0.00
70 10.00 0.00
71 10.00 0.00
72 10.00 0.00
73 10.00 0.00
74 10.00 0.00
75 10.00 0.00
76 10.00 0.00
77 10.00 0.00
78 10.00 0.00
79 10.00 0.00
80 10.00 0.00
81 10.00 0.00
82 10.00 0.00
83 10.00 0.00
84 10.00 0.00
85 10.00 0.00
86 10.00 0.00
87 10.00 0.00
88 10.00 0.00
89 10.00 0.00
90 10.00 0.00
91 10.00 0.00
92 10.00 0.00
93 10.00 0.00
94 10.00 0.00
95 10.00 0.00
96 25.00 0.00
97 25.00 0.00
98 25.00 0.00
99 25.00 0.00
100 25.00 0.00
101 25.00 0.00
102 25.00 0.00
103 25.00 0.00
104 25.00 0.00
105 25.00 0.00
106 25.00 0.00
107 25.00 0.00
108 25.00 0.00
109 25.00 0.00
110 25.00 0.00
111 25.00 0.00
112 25.00 0.00
113 25.00 0.00
114 25.00 0.00
115 25.00 0.00
116 25.00 0.00
117 25.00 0.00
118 25.00 0.00
119 25.00 0.00
120 25.00 0.00
121 25.00 0.00
122 25.00 0.00
123 25.00 0.00
124 25.00 0.00
125 25.00 0.00
126 25.00 0.00
127 25.00 0.00
128 25.00 0.00
129 25.00 0.00
130 25.00 0.00
131 25.00 0.00
132 25.00 0.00
133 25.00 0.00
134 25.00 0.00
135 25.00 0.00
136 25.00 0.00
137 25.00 0.00
138 25.00 0.00
139 25.00 0.00
140 25.00 0.00
141 25.00 0.00
142 25.00 0.00
143 25.00 0.00
144 25.00 0.00
145 25.00 0.00
146 25.00 0.00
147 25.00 0.00
148 25.00 0.00
149 25.00 0.00
150 25.00 0.00
151 25.00 0.00
152 25.00 0.00
153 25.00 0.00
154 25.00 0.00
155 25.00 0.00
156 25.00 0.00
157 25.00 0.00
158 25.00 0.00
159 25.00 0.00
160 25.00 0.00
161 25.00 0.00
162 25.00 0.00
163 25.00 0.00
164 25.00 0.00
165 25.00 0.00
166 25.00 0.00
167 25.00 0.00
168 25.00 0.00
169 25.00 0.00
170 25.00 0.00
171 25.00 0.00
172 25.00 0.00
173 25.00 0.00
174 25.00 0.00
175 25.00 0.00
176 25.00 0.00
177 25.00 0.00
178 25.00 0.00
179 25.00 0.00
180 25.00 0.00
181 25.00 0.00
182 25.00 0.00
183 25.00 0.00
184 25.00 0.00
185 25.00 0.00
186 25.00 0.00
187 25.00 0.00
188 25.00 0.00
189 25.00 0.00
190 25.00 0.00
191 25.00 0.00
192 25.00 0.00
193 25.00 0.00
194 25.00 0.00
195 25.00 0.00
196 25.00 0.00
197 25.00 0.00
198 25.00 0.00
199 25.00 0.00
200 25.00 0.00
201 25.00 0.00
202 25.00 0.00
203 25.00 0.00
204 25.00 0.00
205 25.00 0.00
206 25.00 0.00
207 25.00 0.00
208 25.00 0.00
209 25.00 0.00
210 25.00 0.00
211 25.00 0.00
212 25.00 0.00
213 25.00 0.00
214 25.00 0.00
215 25.00 0.00
216 25.00 0.00
217 25.00 0.00
218 25.00 0.00
219 25.00 0.00
220 25.00 0.00
221 25.00 0.00
222 25.00 0.00
223 25.00 0.00
224 25.00 0.00
225 25.00 0.00
226 25.00 0.00
227 25.00 0.00
228 25.00 0.00
229 25.00 0.00
230 25.00 0.00
231 25.00 0.00
232 25.00 0.00
233 25.00 0.00
234 25.00 0.00
235 25.00 0.00
236 25.00 0.00
237 25.00 0.00
238 40.00 0.00
239 40.00 0.00
240 40.00 0.00
241 40.00 0.00
242 40.00 0.00
243 40.00 0.00
244 40.00 0.00
245 40.00 0.00
246 40.00 0.00
247 40.00 0.00
248 40.00 0.00
249 40.00 0.00
250 40.00 0.00
251 40.00 0.00
252 40.00 0.00
253 40.00 0.00
254 40.00 0.00
255 40.00 0.00
256 40.00 0.00
257 40.00 0.00
258 40.00 0.00
259 40.00 0.00
260 40.00 0.00
261 40.00 0.00
262 40.00 0.00
263 40.00 0.00
264 40.00 0.00
265 40.00 0.00
266 40.00 0.00
267 40.00 0.00
268 40.00 0.00
269 40.00 0.00
270 40.00 0.00
271 40.00 0.00
272 40.00 0.00
273 40.00 0.00
274 40.00 0.00
275 40.00 0.00
276 40.00 0.00
277 40.00 0.00
278 40.00 0.00
279 40.00 0.00
280 40.00 0.00
281 40.00 0.00
282 40.00 0.00
283 40.00 0.00
284 40.00 0.00
285 40.00 0.00
286 40.00 0.00
287 40.00 0.00
288 40.00 0.00
289 40.00 0.00
290 40.00 0.00
291 40.00 0.00
292 40.00 0.00
293 40.00 0.00
294 40.00 0.00
295 40.00 0.00
296 40.00 0.00
297 40.00 0.00
298 40.00 0.00
299 40.00 0.00
300 40.00 0.00
301 40.00 0.00
302 40.00 0.00
303 40.00 0.00
304 40.00 0.00
305 40.00 0.00
306 40.00 0.00
307 40.00 0.00
308 40.00 0.00
309 40.00 0.00
310 40.00 0.00
311 40.00 0.00
312 40.00 0.00
313 40.00 0.00
314 40.00 0.00
315 40.00 0.00
316 40.00 0.00
317 40.00 0.00
318 40.00 0.00
319 40.00 0.00
320 40.00 0.00
321 40.00 0.00
322 40.00 0.00
323 40.00 0.00
324 40.00 0.00
325 40.00 0.00
326 40.00 0.00
327 40.00 0.00
328 40.00 0.00
329 40.00 0.00
330 40.00 0.00
331 40.00 0.00
332 40.00 0.00
333 40.00 0.00
334 40.00 0.00
335 40.00 0.00
336 40.00 0.00
337 40.00 0.00
338 40.00 0.00
339 40.00 0.00
340 40.00 0.00
341 40.00 0.00
342 40.00 0.00
343 40.00 0.00
344 40.00 0.00
345 40.00 0.00
346 40.00 0.00
347 40.00 0.00
348 40.00 0.00
349 40.00 0.00
350 40.00 0.00
351 40.00 0.00
352 40.00 0.00
353 40.00 0.00
354 40.00 0.00
355 40.00 0.00
356 40.00 0.00
357 40.00 0.00
358 40.00 0.00
359 40.00 0.00
360 40.00 0.00
361 40.00 0.00
362 40.00 0.00
363 40.00 0.00
364 40.00 0.00
365 40.00 0.00
366 40.00 0.00
367 40.00 0.00
368 40.00 0.00
369 40.00 0.00
370 40.00 0.00
371 40.00 0.00
372 40.00 0.00
373 55.00 0.00
374 55.00 0.00
375 55.00 0.00
376 55.00 0.00
377 55.00 0.00
378 55.00 0.00
379 55.00 0.00
380 55.00 0.00
381 55.00 0.00
382 55.00 0.00
383 55.00 0.00
384 55.00 0.00
385 55.00 0.00
386 55.00 0.00
387 55.00 0.00
388 55.00 0.00
389 55.00 0.00
390 55.00 0.00
391 55.00 0.00
392 55.00 0.00
393 55.00 0.00
394 55.00 0.00
395 55.00 0.00
396 55.00 0.00
397 55.00 0.00
398 55.00 0.00
399 55.00 0.00
400 55.00 0.00
401 55.00 0.00
402 55.00 0.00
403 55.00 0.00
404 55.00 0.00
405 55.00 0.00
406 55.00 0.00
407 55.00 0.00
408 55.00 0.00
409 55.00 0.00
410 55.00 0.00
411 55.00 0.00
412 55.00 0.00
413 55.00 0.00
414 55.00 0.00
415 55.00 0.00
416 55.00 0.00
417 55.00 0.00
418 55.00 0.00
419 55.00 0.00
420 55.00 0.00
421 55.00 0.00
422 55.00 0.00
423 55.00 0.00
424 55.00 0.00
425 55.00 0.00
426 55.00 0.00
427 55.00 0.00
428 55.00 0.00
429 55.00 0.00
430 55.00 0.00
431 55.00 0.00
432 55.00 0.00
433 55.00 0.00
434 55.00 0.00
435 55.00 0.00
436 55.00 0.00
437 55.00 0.00
438 55.00 0.00
439 55.00 0.00
440 55.00 0.00
441 55.00 0.00
442 55.00 0.00
443 55.00 0.00
444 55.00 0.00
445 55.00 0.00
446 55.00 0.00
447 55.00 0.00
448 55.00 0.00
449 55.00 0.00
450 55.00 0.00
451 55.00 0.00
452 55.00 0.00
453 55.00 0.00
454 55.00 0.00
455 55.00 0.00
456 55.00 0.00
457 55.00 0.00
458 55.00 0.00
459 55.00 0.00
460 55.00 0.00
461 55.00 0.00
462 55.00 0.00
463 55.00 0.00
464 55.00 0.00
465 55.00 0.00
466 55.00 0.00
467 55.00 0.00
468 55.00 0.00
469 55.00 0.00
470 55.00 0.00
471 55.00 0.00
472 55.00 0.00
473 55.00 0.00
474 55.00 0.00
475 55.00 0.00
476 55.00 0.00
477 55.00 0.00
478 55.00 0.00
479 55.00 0.00
480 55.00 0.00
481 55.00 0.00
482 55.00 0.00
483 70.00 0.00
484 70.00 0.00
485 70.00 0.00
486 70.00 0.00
487 70.00 0.00
488 70.00 0.00
489 70.00 0.00
490 70.00 0.00
491 70.00 0.00
492 70.00 0.00
493 70.00 0.00
494 70.00 0.00
495 70.00 0.00
496 70.00 0.00
497 70.00 0.00
498 70.00 0.00
499 70.00 0.00
500 70.00 0.00
501 70.00 0.00
502 70.00 0.00
503 70.00 0.00
504 70.00 0.00
505 70.00 0.00
506 70.00 0.00
507 70.00 0.00
508 70.00 0.00
509 70.00 0.00
510 70.00 0.00
511 70.00 0.00
512 70.00 0.00
513 70.00 0.00
514 70.00 0.00
515 70.00 0.00
516 70.00 0.00
517 70.00 0.00
518 70.00 0.00
519 70.00 0.00
520 70.00 0.00
521 70.00 0.00
522 70.00 0.00
523 70.00 0.00
524 70.00 0.00
525 70.00 0.00
526 70.00 0.00
527 70.00 0.00
528 70.00 0.00
529 70.00 0.00
530 70.00 0.00
531 70.00 0.00
532 70.00 0.00
533 70.00 0.00
534 70.00 0.00
535 70.00 0.00
536 70.00 0.00
537 70.00 0.00
538 70.00 0.00
539 70.00 0.00
540 70.00 0.00
541 70.00 0.00
542 70.00 0.00
543 70.00 0.00
544 70.00 0.00
545 70.00 0.00
546 70.00 0.00
547 70.00 0.00
548 70.00 0.00
549 70.00 0.00
550 70.00 0.00
551 70.00 0.00
552 70.00 0.00
553 70.00 0.00
554 70.00 0.00
555 70.00 0.00
556 70.00 0.00
557 70.00 0.00
558 70.00 0.00
559 70.00 0.00
560 70.00 0.00
561 70.00 0.00
562 70.00 0.00
563 70.00 0.00
564 70.00 0.00
565 70.00 0.00
566 70.00 0.00
567 70.00 0.00
568 70.00 0.00
569 70.00 0.00
570 70.00 0.00
571 70.00 0.00
572 70.00 0.00
573 70.00 0.00
574 70.00 0.00
575 70.00 0.00
576 70.00 0.00
577 70.00 0.00
578 70.00 0.00
579 70.00 0.00
580 70.00 0.00
581 70.00 0.00
582 70.00 0.00
583 70.00 0.00
584 70.00 0.00
585 70.00 0.00
586 70.00 0.00
587 70.00 0.00
588 70.00 0.00
589 70.00 0.00
590 70.00 0.00
591 70.00 0.00
592 70.00 0.00
593 70.00 0.00
594 70.00 0.00
595 70.00 0.00
596 70.00 0.00
597 70.00 0.00
598 70.00 0.00
599 70.00 0.00
600 70.00 0.00
601 70.00 0.00
602 70.00 0.00
603 70.00 0.00
604 70.00 0.00
605 70.00 0.00
606 70.00 0.00
607 70.00 0.00
608 70.00 0.00
609 70.00 0.00
610 70.00 0.00
611 70.00 0.00
612 70.00 0.00
613 70.00 0.00
614 70.00 0.00
615 70.00 0.00
616 70.00 0.00
617 70.00 0.00
618 70.00 0.00
619 70.00 0.00
620 70.00 0.00
621 70.00 0.00
622 70.00 0.00
623 70.00 0.00
624 70.00 0.00
625 70.00 0.00
626 70.00 0.00
627 70.00 0.00
628 70.00 0.00
629 70.00 0.00
630 70.00 0.00
631 70.00 0.00
632 85.00 0.00
633 85.00 0.00
634 85.00 0.00
635 85.00 0.00
636 85.00 0.00
637 85.00 0.00
638 85.00 0.00
639 85.00 0.00
640 85.00 0.00
641 85.00 0.00
642 85.00 0.00
643 85.00 0.00
644 85.00 0.00
645 85.00 0.00
646 85.00 0.00
647 85.00 0.00
648 85.00 0.00
649 85.00 0.00
650 85.00 0.00
651 85.00 0.00
652 85.00 0.00
653 85.00 0.00
654 85.00 0.00
655 85.00 0.00
656 85.00 0.00
657 85.00 0.00
658 85.00 0.00
659 85.00 0.00
660 85.00 0.00
661 85.00 0.00
662 85.00 0.00
663 85.00 0.00
664 85.00 0.00
665 85.00 0.00
666 85.00 0.00
667 85.00 0.00
668 85.00 0.00
669 85.00 0.00
670 85.00 0.00
671 85.00 0.00
672 85.00 0.00
673 85.00 0.00
674 85.00 0.00
675 85.00 0.00
676 85.00 0.00
677 85.00 0.00
678 85.00 0.00
679 85.00 0.00
680 85.00 0.00
681 85.00 0.00
682 85.00 0.00
683 85.00 0.00
684 85.00 0.00
685 85.00 0.00
686 85.00 0.00
687 85.00 0.00
688 85.00 0.00
689 85.00 0.00
690 85.00 0.00
691 85.00 0.00
692 85.00 0.00
693 85.00 0.00
694 85.00 0.00
695 85.00 0.00
696 85.00 0.00
697 85.00 0.00
698 85.00 0.00
699 85.00 0.00
700 85.00 0.00
701 85.00 0.00
702 85.00 0.00
703 85.00 0.00
704 85.00 0.00
705 85.00 0.00
706 85.00 0.00
707 85.00 0.00
708 85.00 0.00
709 85.00 0.00
710 85.00 0.00
711 85.00 0.00
712 85.00 0.00
713 85.00 0.00
714 85.00 0.00
715 85.00 0.00
716 85.00 0.00
717 85.00 0.00
718 85.00 0.00
719 85.00 0.00
720 85.00 0.00
721 85.00 0.00
722 85.00 0.00
723 85.00 0.00
724 85.00 0.00
725 85.00 0.00
726 85.00 0.00
727 85.00 0.00
728 85.00 0.00
729 85.00 0.00
730 85.00 0.00
731 85.00 0.00
732 85.00 0.00
733 85.00 0.00
734 85.00 0.00
735 85.00 0.00
736 85.00 0.00
737 85.00 0.00
738 85.00 0.00
739 85.00 0.00
740 85.00 0.00
741 85.00 0.00
742 85.00 0.00
743 85.00 0.00
744 85.00 0.00
745 85.00 0.00
746 85.00 0.00
747 85.00 0.00
748 85.00 0.00
749 100.00 0.00
750 100.00 0.00
751 100.00 0.00
752 100.00 0.00
753 100.00 0.00
754 100.00 0.00
755 100.00 0.00
756 100.00 0.00
757 100.00 0.00
758 100.00 0.00
759 100.00 0.00
760 100.00 0.00
761 100.00 0.00
762 100.00 0.00
763 100.00 0.00
764 100.00 0.00
765 100.00 0.00
766 100.00 0.00
767 100.00 0.00
768 100.00 0.00
769 100.00 0.00
770 100.00 0.00
771 100.00 0.00
772 100.00 0.00
773 100.00 0.00
774 100.00 0.00
775 100.00 0.00
776 100.00 0.00
777 100.00 0.00
778 100.00 0.00
779 100.00 0.00
780 100.00 0.00
781 100.00 0.00
782 100.00 0.00
783 100.00 0.00
784 100.00 0.00
785 100.00 0.00
786 100.00 0.00
787 100.00 0.00
788 100.00 0.00
789 100.00 0.00
790 100.00 0.00
791 100.00 0.00
792 100.00 0.00
793 100.00 0.00
794 100.00 0.00
795 100.00 0.00
796 100.00 0.00
797 100.00 0.00
798 100.00 0.00
799 100.00 0.00
800 100.00 0.00
801 100.00 0.00
802 100.00 0.00
803 100.00 0.00
804 100.00 0.00
805 100.00 0.00
806 100.00 0.00
807 100.00 0.00
808 100.00 0.00
809 100.00 0.00
810 100.00 0.00
811 100.00 0.00
812 100.00 0.00
813 100.00 0.00
814 100.00 0.00
815 100.00 0.00
816 100.00 0.00
817 100.00 0.00
818 100.00 0.00
819 100.00 0.00
820 100.00 0.00
821 100.00 0.00
822 100.00 0.00
823 100.00 0.00
824 100.00 0.00
825 100.00 0.00
826 100.00 0.00
827 100.00 0.00
828 100.00 0.00
829 100.00 0.00
830 100.00 0.00
831 100.00 0.00
832 100.00 0.00
833 100.00 0.00
834 100.00 0.00
835 100.00 0.00
836 100.00 0.00
837 100.00 0.00
838 100.00 0.00
839 100.00 0.00
840 100.00 0.00
841 100.00 0.00
842 100.00 0.00
843 100.00 0.00
844 100.00 0.00
845 100.00 0.00
846 100.00 0.00
847 100.00 0.00
848 100.00 0.00
849 100.00 0.00
850 100.00 0.00
851 100.00 0.00
852 100.00 0.00
853 100.00 0.00
854 100.00 0.00
855 100.00 0.00
856 100.00 0.00
857 100.00 0.00
858 100.00 0.00
859 100.00 0.00
860 100.00 0.00
861 100.00 0.00
862 100.00 0.00
863 100.00 0.00
864 100.00 0.00
865 100.00 0.00
866 100.00 0.00
867 100.00 0.00
868 100.00 0.00
869 100.00 0.00
870 100.00 0.00
871 100.00 0.00
872 100.00 0.00
873 100.00 0.00
874 100.00 0.00
875 100.00 0.00
876 100.00 0.00
877 100.00 0.00
878 100.00 0.00
879 100.00 0.00
880 100.00 0.00
881 100.00 0.00
882 100.00 0.00
883 100.00 0.00
884 100.00 0.00
885 100.00 0.00
886 100.00 0.00
887 100.00 0.00
888 100.00 0.00
889 100.00 0.00
890 100.00 0.00
891 100.00 0.00
892 100.00 0.00
893 100.00 0.00
894 100.00 0.00
895 100.00 0.00
896 100.00 0.00
897 100.00 0.00
898 100.00 0.00
899 100.00 0.00
900 100.00 0.00
901 100.00 0.00
902 100.00 0.00
903 100.00 0.00
904 100.00 0.00
905 100.00 0.00
906 100.00 0.00
907 100.00 0.00
908 100.00 0.00
909 100.00 0.00
910 100.00 0.00
911 100.00 0.00
912 100.00 0.00
913 100.00 0.00
914 100.00 0.00
915 100.00 0.00
916 100.00 0.00
917 100.00 0.00
918 100.00 0.00
919 100.00 0.00
920 100.00 0.00
921 100.00 0.00
922 100.00 0.00
923 100.00 0.00
924 100.00 0.00
925 100.00 0.00
926 100.00 0.00
927 100.00 0.00
928 100.00 0.00
929 100.00 0.00
930 100.00 0.00
931 100.00 0.00
932 100.00 0.00
933 100.00 0.00
934 100.00 0.00
935 100.00 0.00
936 100.00 0.00
937 100.00 0.00
938 100.00 0.00
939 100.00 0.00
940 100.00 0.00
941 100.00 0.00
942 100.00 0.00
943 100.00 0.00
944 100.00 0.00
945 100.00 0.00
946 100.00 0.00
947 100.00 0.00
948 100.00 0.00
949 100.00 0.00
950 100.00 0.00
951 100.00 0.00
952 100.00 0.00
953 100.00 0.00
954 100.00 0.00
955 100.00 0.00
956 100.00 0.00
957 100.00 0.00
958 100.00 0.00
959 100.00 0.00
960 100.00 0.00
961 100.00 0.00
962 100.00 0.00
963 100.00 0.00
964 100.00 0.00
965 100.00 0.00
966 100.00 0.00
967 100.00 0.00
968 100.00 0.00
969 100.00 0.00
970 100.00 0.00
971 100.00 0.00
972 100.00 0.00
973 100.00 0.00
974 100.00 0.00
975 100.00 0.00
976 100.00 0.00
977 100.00 0.00
978 115.00 0.00
979 115.00 0.00
980 115.00 0.00
981 115.00 0.00
982 115.00 0.00
983 115.00 0.00
984 115.00 0.00
985 115.00 0.00
986 115.00 0.00
987 115.00 0.00
988 115.00 0.00
989 115.00 0.00
990 115.00 0.00
991 115.00 0.00
992 115.00 0.00
993 115.00 0.00
994 115.00 0.00
995 115.00 0.00
996 115.00 0.00
997 115.00 0.00
998 115.00 0.00
999 115.00 0.00
1000 115.00 0.00
1001 115.00 0.00
1002 115.00 0.00
1003 115.00 0.00
1004 115.00 0.00
1005 115.00 0.00
1006 115.00 0.00
1007 115.00 0.00
1008 115.00 0.00
1009 115.00 0.00
1010 115.00 0.00
1011 115.00 0.00
1012 115.00 0.00
1013 115.00 0.00
1014 115.00 0.00
1015 115.00 0.00
1016 115.00 0.00
1017 115.00 0.00
1018 115.00 0.00
1019 115.00 0.00
1020 115.00 0.00
1021 115.00 0.00
1022 115.00 0.00
1023 115.00 0.00
1024 115.00 0.00
1025 115.00 0.00
1026 115.00 0.00
1027 115.00 0.00
1028 115.00 0.00
1029 115.00 0.00
1030 115.00 0.00
1031 115.00 0.00
1032 115.00 0.00
1033 115.00 0.00
1034 115.00 0.00
1035 115.00 0.00
1036 115.00 0.00
1037 115.00 0.00
1038 115.00 0.00
1039 115.00 0.00
1040 115.00 0.00
1041 115.00 0.00
1042 115.00 0.00
1043 115.00 0.00
1044 115.00 0.00
1045 115.00 0.00
1046 115.00 0.00
1047 115.00 0.00
1048 115.00 0.00
1049 115.00 0.00
1050 115.00 0.00
1051 115.00 0.00
1052 115.00 0.00
1053 115.00 0.00
1054 115.00 0.00
1055 115.00 0.00
1056 115.00 0.00
1057 115.00 0.00
1058 115.00 0.00
1059 115.00 0.00
1060 115.00 0.00
1061 115.00 0.00
1062 115.00 0.00
1063 115.00 0.00
1064 130.00 0.00
1065 130.00 0.00
1066 130.00 0.00
1067 130.00 0.00
1068 130.00 0.00
1069 130.00 0.00
1070 130.00 0.00
1071 130.00 0.00
1072 130.00 0.00
1073 130.00 0.00
1074 130.00 0.00
1075 130.00 0.00
1076 130.00 0.00
1077 130.00 0.00
1078 130.00 0.00
1079 130.00 0.00
1080 130.00 0.00
1081 130.00 0.00
1082 130.00 0.00
1083 130.00 0.00
1084 130.00 0.00
1085 130.00 0.00
1086 130.00 0.00
1087 130.00 0.00
1088 130.00 0.00
1089 130.00 0.00
1090 130.00 0.00
1091 130.00 0.00
1092 130.00 0.00
1093 130.00 0.00
1094 130.00 0.00
1095 130.00 0.00
1096 130.00 0.00
1097 130.00 0.00
1098 130.00 0.00
1099 130.00 0.00
1100 130.00 0.00
1101 130.00 0.00
1102 130.00 0.00
1103 130.00 0.00
1104 130.00 0.00
1105 130.00 0.00
1106 130.00 0.00
1107 130.00 0.00
1108 130.00 0.00
1109 130.00 0.00
1110 130.00 0.00
1111 130.00 0.00
1112 130.00 0.00
1113 130.00 0.00
1114 130.00 0.00
1115 130.00 0.00
1116 130.00 0.00
1117 130.00 0.00
1118 130.00 0.00
1119 130.00 0.00
1120 130.00 0.00
1121 130.00 0.00
1122 130.00 0.00
1123 130.00 0.00
1124 130.00 0.00
1125 130.00 0.00
1126 130.00 0.00
1127 130.00 0.00
1128 130.00 0.00
1129 130.00 0.00
1130 130.00 0.00
1131 130.00 0.00
1132 130.00 0.00
1133 130.00 0.00
1134 130.00 0.00
1135 130.00 0.00
1136 130.00 0.00
1137 130.00 0.00
1138 130.00 0.00
1139 130.00 0.00
1140 130.00 0.00
1141 130.00 0.00
1142 130.00 0.00
1143 130.00 0.00
1144 130.00 0.00
1145 130.00 0.00
1146 130.00 0.00
1147 130.00 0.00
1148 130.00 0.00
1149 130.00 0.00
1150 130.00 0.00
1151 130.00 0.00
1152 130.00 0.00
1153 130.00 0.00
1154 130.00 0.00
1155 130.00 0.00
1156 130.00 0.00
1157 130.00 0.00
1158 130.00 0.00
1159 130.00 0.00
1160 130.00 0.00
1161 130.00 0.00
1162 130.00 0.00
1163 130.00 0.00
1164 130.00 0.00
1165 130.00 0.00
1166 130.00 0.00
1167 130.00 0.00
1168 130.00 0.00
1169 130.00 0.00
1170 130.00 0.00
1171 130.00 0.00
1172 130.00 0.00
1173 130.00 0.00
1174 130.00 0.00
1175 130.00 0.00
1176 130.00 0.00
1177 130.00 0.00
1178 130.00 0.00
1179 130.00 0.00
1180 130.00 0.00
1181 130.00 0.00
1182 130.00 0.00
1183 130.00 0.00
1184 130.00 0.00
1185 145.00 0.00
1186 145.00 0.00
1187 145.00 0.00
1188 145.00 0.00
1189 145.00 0.00
1190 145.00 0.00
1191 145.00 0.00
1192 145.00 0.00
1193 145.00 0.00
1194 145.00 0.00
1195 145.00 0.00
1196 145.00 0.00
1197 145.00 0.00
1198 145.00 0.00
1199 145.00 0.00
1200 145.00 0.00
1201 145.00 0.00
1202 145.00 0.00
1203 145.00 0.00
1204 145.00 0.00
1205 145.00 0.00
1206 145.00 0.00
1207 145.00 0.00
1208 145.00 0.00
1209 145.00 0.00
1210 145.00 0.00
1211 145.00 0.00
1212 145.00 0.00
1213 145.00 0.00
1214 145.00 0.00
1215 145.00 0.00
1216 145.00 0.00
1217 145.00 0.00
1218 145.00 0.00
1219 145.00 0.00
1220 145.00 0.00
1221 145.00 0.00
1222 145.00 0.00
1223 145.00 0.00
1224 145.00 0.00
1225 145.00 0.00
1226 145.00 0.00
1227 145.00 0.00
1228 145.00 0.00
1229 145.00 0.00
1230 145.00 0.00
1231 145.00 0.00
1232 145.00 0.00
1233 145.00 0.00
1234 145.00 0.00
1235 145.00 0.00
1236 145.00 0.00
1237 145.00 0.00
1238 145.00 0.00
1239 145.00 0.00
1240 145.00 0.00
1241 145.00 0.00
1242 145.00 0.00
1243 145.00 0.00
1244 145.00 0.00
1245 145.00 0.00
1246 145.00 0.00
1247 145.00 0.00
1248 145.00 0.00
1249 145.00 0.00
1250 145.00 0.00
1251 145.00 0.00
1252 145.00 0.00
1253 145.00 0.00
1254 145.00 0.00
1255 145.00 0.00
1256 145.00 0.00
1257 145.00 0.00
1258 145.00 0.00
1259 145.00 0.00
1260 145.00 0.00
1261 145.00 0.00
1262 145.00 0.00
1263 145.00 0.00
1264 145.00 0.00
1265 145.00 0.00
1266 145.00 0.00
1267 145.00 0.00
1268 145.00 0.00
1269 145.00 0.00
1270 145.00 0.00
1271 145.00 0.00
1272 145.00 0.00
1273 145.00 0.00
1274 145.00 0.00
1275 145.00 0.00
1276 145.00 0.00
1277 145.00 0.00
1278 145.00 0.00
1279 145.00 0.00
1280 145.00 0.00
1281 145.00 0.00
1282 145.00 0.00
1283 145.00 0.00
1284 145.00 0.00
1285 145.00 0.00
1286 145.00 0.00
1287 145.00 0.00
1288 145.00 0.00
1289 145.00 0.00
1290 145.00 0.00
1291 145.00 0.00
1292 145.00 0.00
1293 145.00 0.00
1294 145.00 0.00
1295 145.00 0.00
1296 145.00 0.00
1297 145.00 0.00
1298 145.00 0.00
1299 145.00 0.00
1300 145.00 0.00
1301 145.00 0.00
1302 145.00 0.00
1303 145.00 0.00
1304 145.00 0.00
1305 145.00 0.00
1306 145.00 0.00
1307 145.00 0.00
1308 145.00 0.00
1309 145.00 0.00
1310 145.00 0.00
1311 145.00 0.00
1312 145.00 0.00
1313 145.00 0.00
1314 145.00 0.00
1315 145.00 0.00
1316 145.00 0.00
1317 145.00 0.00
1318 145.00 0.00
1319 145.00 0.00
1320 145.00 0.00
1321 145.00 0.00
1322 145.00 0.00
1323 145.00 0.00
1324 145.00 0.00
1325 145.00 0.00
1326 145.00 0.00
1327 145.00 0.00
1328 145.00 0.00
1329 145.00 0.00
1330 145.00 0.00
1331 145.00 0.00
1332 145.00 0.00
1333 145.00 0.00
1334 145.00 0.00
1335 145.00 0.00
1336 145.00 0.00
1337 145.00 0.00
1338 145.00 0.00
1339 145.00 0.00
1340 145.00 0.00
1341 145.00 0.00
1342 145.00 0.00
1343 145.00 0.00
1344 145.00 0.00
1345 145.00 0.00
1346 145.00 0.00
1347 145.00 0.00
1348 145.00 0.00
1349 145.00 0.00
1350 145.00 0.00
1351 145.00 0.00
1352 145.00 0.00
1353 145.00 0.00
1354 145.00 0.00
1355 145.00 0.00
1356 145.00 0.00
1357 145.00 0.00
1358 145.00 0.00
1359 145.00 0.00
1360 145.00 0.00
1361 145.00 0.00
1362 145.00 0.00
1363 145.00 0.00
1364 145.00 0.00
1365 145.00 0.00
1366 145.00 0.00
1367 145.00 0.00
1368 145.00 0.00
1369 145.00 0.00
1370 145.00 0.00
1371 145.00 0.00
1372 145.00 0.00
1373 145.00 0.00
1374 145.00 0.00
1375 145.00 0.00
1376 145.00 0.00
1377 145.00 0.00
1378 145.00 0.00
1379 145.00 0.00
1380 145.00 0.00
1381 145.00 0.00
1382 145.00 0.00
1383 145.00 0.00
1384 145.00 0.00
1385 145.00 0.00
1386 145.00 0.00
1387 145.00 0.00
1388 145.00 0.00
1389 145.00 0.00
1390 145.00 0.00
1391 145.00 0.00
1392 145.00 0.00
1393 145.00 0.00
1394 145.00 0.00
1395 145.00 0.00
1396 145.00 0.00
1397 145.00 0.00
1398 145.00 0.00
1399 145.00 0.00
1400 145.00 0.00
1401 145.00 0.00
1402 145.00 0.00
1403 145.00 0.00
1404 145.00 0.00
1405 145.00 0.00
1406 145.00 0.00
1407 145.00 0.00
1408 145.00 0.00
1409 145.00 0.00
1410 145.00 0.00
1411 145.00 0.00
1412 145.00 0.00
1413 145.00 0.00
1414 145.00 0.00
1415 145.00 0.00
1416 145.00 0.00
1417 145.00 0.00
1418 145.00 0.00
1419 145.00 0.00
1420 145.00 0.00
1421 145.00 0.00
1422 145.00 0.00
1423 145.00 0.00
1424 145.00 0.00
1425 145.00 0.00
1426 145.00 0.00
1427 145.00 0.00
1428 145.00 0.00
1429 145.00 0.00
1430 145.00 0.00
1431 145.00 0.00
1432 145.00 0.00
1433 145.00 0.00
1434 145.00 0.00
1435 145.00 0.00
1436 145.00 0.00
1437 145.00 0.00
1438 145.00 0.00
1439 145.00 0.00
1440 160.00 0.00
1441 160.00 0.00
1442 160.00 0.00
1443 160.00 0.00
1444 160.00 0.00
1445 160.00 0.00
1446 160.00 0.00
1447 160.00 0.00
1448 160.00 0.00
1449 160.00 0.00
1450 160.00 0.00
1451 160.00 0.00
1452 160.00 0.00
1453 160.00 0.00
1454 160.00 0.00
1455 160.00 0.00
1456 160.00 0.00
1457 160.00 0.00
1458 160.00 0.00
1459 160.00 0.00
1460 160.00 0.00
1461 160.00 0.00
1462 160.00 0.00
1463 160.00 0.00
1464 160.00 0.00
1465 160.00 0.00
1466 160.00 0.00
1467 160.00 0.00
1468 160.00 0.00
1469 160.00 0.00
1470 160.00 0.00
1471 160.00 0.00
1472 160.00 0.00
1473 160.00 0.00
1474 160.00 0.00
1475 160.00 0.00
1476 160.00 0.00
1477 160.00 0.00
1478 160.00 0.00
1479 160.00 0.00
1480 160.00 0.00
1481 160.00 0.00
1482 160.00 0.00
1483 160.00 0.00
1484 160.00 0.00
1485 160.00 0.00
1486 160.00 0.00
1487 160.00 0.00
1488 160.00 0.00
1489 160.00 0.00
1490 160.00 0.00
1491 160.00 0.00
1492 160.00 0.00
1493 160.00 0.00
1494 160.00 0.00
1495 160.00 0.00
1496 160.00 0.00
1497 160.00 0.00
1498 160.00 0.00
1499 160.00 0.00
1500 160.00 0.00
1501 160.00 0.00
1502 160.00 0.00
1503 160.00 0.00
1504 160.00 0.00
1505 160.00 0.00
1506 160.00 0.00
1507 160.00 0.00
1508 160.00 0.00
1509 160.00 0.00
1510 160.00 0.00
1511 160.00 0.00
1512 160.00 0.00
1513 160.00 0.00
1514 160.00 0.00
1515 160.00 0.00
1516 160.00 0.00
1517 160.00 0.00
1518 160.00 0.00
1519 160.00 0.00
1520 160.00 0.00
1521 160.00 0.00
1522 160.00 0.00
1523 160.00 0.00
1524 160.00 0.00
1525 160.00 0.00
1526 160.00 0.00
1527 160.00 0.00
1528 160.00 0.00
1529 160.00 0.00
1530 160.00 0.00
1531 160.00 0.00
1532 160.00 0.00
1533 160.00 0.00
1534 160.00 0.00
1535 160.00 0.00
1536 160.00 0.00
1537 160.00 0.00
1538 160.00 0.00
1539 160.00 0.00
1540 160.00 0.00
1541 160.00 0.00
1542 160.00 0.00
1543 160.00 0.00
1544 160.00 0.00
1545 160.00 0.00
1546 160.00 0.00
1547 160.00 0.00
1548 160.00 0.00
1549 160.00 0.00
1550 160.00 0.00
1551 160.00 0.00
1552 160.00 0.00
1553 160.00 0.00
1554 160.00 0.00
1555 160.00 0.00
1556 160.00 0.00
1557 160.00 0.00
1558 160.00 0.00
1559 160.00 0.00
1560 160.00 0.00
1561 160.00 0.00
1562 160.00 0.00
1563 160.00 0.00
1564 160.00 0.00
1565 160.00 0.00
1566 160.00 0.00
1567 160.00 0.00
1568 160.00 0.00
1569 160.00 0.00
1570 160.00 0.00
1571 160.00 0.00
1572 160.00 0.00
1573 160.00 0.00
1574 160.00 0.00
1575 160.00 0.00
1576 160.00 0.00
1577 160.00 0.00
1578 160.00 0.00
1579 160.00 0.00
1580 160.00 0.00
1581 160.00 0.00
1582 160.00 0.00
1583 160.00 0.00
1584 160.00 0.00
1585 160.00 0.00
1586 160.00 0.00
1587 160.00 0.00
1588 160.00 0.00
1589 160.00 0.00
1590 160.00 0.00
1591 160.00 0.00
1592 160.00 0.00
1593 160.00 0.00
1594 160.00 0.00
1595 160.00 0.00
1596 160.00 0.00
1597 160.00 0.00
1598 160.00 0.00
1599 160.00 0.00
1600 160.00 0.00
1601 160.00 0.00
1602 160.00 0.00
1603 160.00 0.00
1604 160.00 0.00
1605 160.00 0.00
1606 160.00 0.00
1607 160.00 0.00
1608 160.00 0.00
1609 160.00 0.00
1610 160.00 0.00
1611 160.00 0.00
1612 160.00 0.00
1613 160.00 0.00
1614 160.00 0.00
1615 160.00 0.00
1616 175.00 0.00
1617 175.00 0.00
1618 175.00 0.00
1619 175.00 0.00
1620 175.00 0.00
1621 175.00 0.00
1622 175.00 0.00
1623 175.00 0.00
1624 175.00 0.00
1625 175.00 0.00
1626 175.00 0.00
1627 175.00 0.00
1628 175.00 0.00
1629 175.00 0.00
1630 175.00 0.00
1631 175.00 0.00
1632 175.00 0.00
1633 175.00 0.00
1634 175.00 0.00
1635 175.00 0.00
1636 175.00 0.00
1637 175.00 0.00
1638 175.00 0.00
1639 175.00 0.00
1640 175.00 0.00
1641 175.00 0.00
1642 175.00 0.00
1643 175.00 0.00
1644 175.00 0.00
1645 175.00 0.00
1646 175.00 0.00
1647 175.00 0.00
1648 175.00 0.00
1649 175.00 0.00
1650 175.00 0.00
1651 175.00 0.00
1652 175.00 0.00
1653 175.00 0.00
1654 175.00 0.00
1655 175.00 0.00
1656 175.00 0.00
1657 175.00 0.00
1658 175.00 0.00
1659 175.00 0.00
1660 175.00 0.00
1661 175.00 0.00
1662 175.00 0.00
1663 175.00 0.00
1664 175.00 0.00
1665 175.00 0.00
1666 175.00 0.00
1667 175.00 0.00
1668 175.00 0.00
1669 175.00 0.00
1670 175.00 0.00
1671 175.00 0.00
1672 175.00 0.00
1673 175.00 0.00
1674 175.00 0.00
1675 175.00 0.00
1676 175.00 0.00
1677 175.00 0.00
1678 175.00 0.00
1679 175.00 0.00
1680 175.00 0.00
1681 175.00 0.00
1682 175.00 0.00
1683 175.00 0.00
1684 175.00 0.00
1685 175.00 0.00
1686 175.00 0.00
1687 175.00 0.00
1688 175.00 0.00
1689 175.00 0.00
1690 175.00 0.00
1691 175.00 0.00
1692 175.00 0.00
1693 175.00 0.00
1694 175.00 0.00
1695 175.00 0.00
1696 175.00 0.00
1697 175.00 0.00
1698 175.00 0.00
1699 175.00 0.00
1700 175.00 0.00
1701 175.00 0.00
1702 175.00 0.00
1703 175.00 0.00
1704 175.00 0.00
1705 175.00 0.00
1706 175.00 0.00
1707 175.00 0.00
1708 175.00 0.00
1709 175.00 0.00
1710 175.00 0.00
1711 175.00 0.00
1712 175.00 0.00
1713 175.00 0.00
1714 175.00 0.00
1715 175.00 0.00
1716 175.00 0.00
1717 175.00 0.00
1718 175.00 0.00
1719 175.00 0.00
1720 175.00 0.00
1721 175.00 0.00
1722 175.00 0.00
1723 175.00 0.00
1724 175.00 0.00
1725 175.00 0.00
1726 175.00 0.00
1727 175.00 0.00
1728 175.00 0.00
1729 175.00 0.00
1730 175.00 0.00
1731 175.00 0.00
1732 175.00 0.00
1733 175.00 0.00
1734 175.00 0.00
1735 175.00 0.00
1736 175.00 0.00
1737 175.00 0.00
1738 175.00 0.00
1739 175.00 0.00
1740 175.00 0.00
1741 175.00 0.00
1742 175.00 0.00
1743 175.00 0.00
1744 175.00 0.00
1745 175.00 0.00
1746 175.00 0.00
1747 175.00 0.00
1748 175.00 0.00
1749 175.00 0.00
1750 175.00 0.00
1751 175.00 0.00
1752 175.00 0.00
1753 175.00 0.00
1754 175.00 0.00
1755 190.00 0.00
1756 190.00 0.00
1757 190.00 0.00
1758 190.00 0.00
1759 190.00 0.00
1760 190.00 0.00
1761 190.00 0.00
1762 190.00 0.00
1763 190.00 0.00
1764 190.00 0.00
1765 190.00 0.00
1766 190.00 0.00
1767 190.00 0.00
1768 190.00 0.00
1769 190.00 0.00
1770 190.00 0.00
1771 190.00 0.00
1772 190.00 0.00
1773 190.00 0.00
1774 190.00 0.00
1775 190.00 0.00
1776 190.00 0.00
1777 190.00 0.00
1778 190.00 0.00
1779 190.00 0.00
1780 190.00 0.00
1781 190.00 0.00
1782 190.00 0.00
1783 190.00 0.00
1784 190.00 0.00
1785 190.00 0.00
1786 190.00 0.00
1787 190.00 0.00
1788 190.00 0.00
1789 190.00 0.00
1790 190.00 0.00
1791 190.00 0.00
1792 190.00 0.00
1793 190.00 0.00
1794 190.00 0.00
1795 190.00 0.00
1796 190.00 0.00
1797 190.00 0.00
1798 190.00 0.00
1799 190.00 0.00
1800 190.00 0.00
1801 190.00 0.00
1802 190.00 0.00
1803 190.00 0.00
1804 190.00 0.00
1805 190.00 0.00
1806 190.00 0.00
1807 190.00 0.00
1808 190.00 0.00
1809 190.00 0.00
1810 190.00 0.00
1811 190.00 0.00
1812 190.00 0.00
1813 190.00 0.00
1814 190.00 0.00
1815 190.00 0.00
1816 190.00 0.00
1817 190.00 0.00
1818 190.00 0.00
1819 190.00 0.00
1820 190.00 0.00
1821 190.00 0.00
1822 190.00 0.00
1823 190.00 0.00
1824 190.00 0.00
1825 190.00 0.00
1826 190.00 0.00
1827 190.00 0.00
1828 190.00 0.00
1829 190.00 0.00
1830 190.00 0.00
1831 190.00 0.00
1832 190.00 0.00
1833 190.00 0.00
1834 190.00 0.00
1835 190.00 0.00
1836 205.00 0.00
1837 205.00 0.00
1838 205.00 0.00
1839 205.00 0.00
1840 205.00 0.00
1841 205.00 0.00
1842 205.00 0.00
1843 205.00 0.00
1844 205.00 0.00
1845 205.00 0.00
1846 205.00 0.00
1847 205.00 0.00
1848 205.00 0.00
1849 205.00 0.00
1850 205.00 0.00
1851 205.00 0.00
1852 205.00 0.00
1853 205.00 0.00
1854 205.00 0.00
1855 205.00 0.00
1856 205.00 0.00
1857 205.00 0.00
1858 205.00 0.00
1859 205.00 0.00
1860 205.00 0.00
1861 205.00 0.00
1862 205.00 0.00
1863 205.00 0.00
1864 205.00 0.00
1865 205.00 0.00
1866 205.00 0.00
1867 205.00 0.00
1868 205.00 0.00
1869 205.00 0.00
1870 205.00 0.00
1871 205.00 0.00
1872 205.00 0.00
1873 205.00 0.00
1874 205.00 0.00
1875 205.00 0.00
1876 205.00 0.00
1877 205.00 0.00
1878 205.00 0.00
1879 205.00 0.00
1880 205.00 0.00
1881 205.00 0.00
1882 205.00 0.00
1883 205.00 0.00
1884 205.00 0.00
1885 205.00 0.00
1886 205.00 0.00
1887 205.00 0.00
1888 205.00 0.00
1889 205.00 0.00
1890 205.00 0.00
1891 205.00 0.00
1892 205.00 0.00
1893 205.00 0.00
1894 205.00 0.00
1895 205.00 0.00
1896 205.00 0.00
1897 205.00 0.00
1898 205.00 0.00
1899 205.00 0.00
1900 205.00 0.00
1901 205.00 0.00
1902 205.00 0.00
1903 205.00 0.00
1904 205.00 0.00
1905 205.00 0.00
1906 205.00 0.00
1907 205.00 0.00
1908 205.00 0.00
1909 205.00 0.00
1910 205.00 0.00
1911 205.00 0.00
1912 205.00 0.00
1913 205.00 0.00
1914 205.00 0.00
1915 205.00 0.00
1916 205.00 0.00
1917 205.00 0.00
1918 205.00 0.00
1919 205.00 0.00
1920 205.00 0.00
1921 205.00 0.00
1922 205.00 0.00
1923 205.00 0.00
1924 205.00 0.00
1925 205.00 0.00
1926 205.00 0.00
1927 205.00 0.00
1928 205.00 0.00
1929 205.00 0.00
1930 205.00 0.00
1931 205.00 0.00
1932 205.00 0.00
1933 205.00 0.00
1934 205.00 0.00
1935 205.00 0.00
1936 205.00 0.00
1937 205.00 0.00
1938 205.00 0.00
1939 205.00 0.00
1940 205.00 0.00
1941 205.00 0.00
1942 205.00 0.00
1943 205.00 0.00
1944 205.00 0.00
1945 205.00 0.00
1946 205.00 0.00
1947 205.00 0.00
1948 205.00 0.00
1949 205.00 0.00
1950 205.00 0.00
1951 205.00 0.00
1952 205.00 0.00
1953 205.00 0.00
1954 205.00 0.00
1955 205.00 0.00
1956 205.00 0.00
1957 205.00 0.00
1958 205.00 0.00
1959 205.00 0.00
1960 205.00 0.00
1961 205.00 0.00
1962 220.00 0.00
1963 220.00 0.00
1964 220.00 0.00
1965 220.00 0.00
1966 220.00 0.00
1967 220.00 0.00
1968 220.00 0.00
1969 220.00 0.00
1970 220.00 0.00
1971 220.00 0.00
1972 220.00 0.00
1973 220.00 0.00
1974 220.00 0.00
1975 220.00 0.00
1976 220.00 0.00
1977 220.00 0.00
1978 220.00 0.00
1979 220.00 0.00
1980 220.00 0.00
1981 220.00 0.00
1982 220.00 0.00
1983 220.00 0.00
1984 220.00 0.00
1985 220.00 0.00
1986 220.00 0.00
1987 220.00 0.00
1988 220.00 0.00
1989 220.00 0.00
1990 220.00 0.00
1991 220.00 0.00
1992 220.00 0.00
1993 220.00 0.00
1994 220.00 0.00
1995 220.00 0.00
1996 220.00 0.00
1997 220.00 0.00
1998 220.00 0.00
