0 8.00 0.00 15.00
1 8.00 0.00 15.00
2 8.00 0.00 15.00
3 8.00 0.00 15.00
4 8.00 0.00 15.00
5 8.00 0.00 15.00
6 8.00 0.00 15.00
7 8.00 0.00 15.00
8 8.00 0.00 15.00
9 8.00 0.00 15.00
10 8.00 0.00 15.00
11 8.00 0.00 15.00
12 8.00 0.00 15.00
13 8.00 0.00 15.00
14 8.00 0.00 15.00
15 8.00 0.00 15.00
16 8.00 0.00 15.00
17 8.00 0.00 15.00
18 8.00 0.00 15.00
19 8.00 0.00 15.00
20 8.00 0.00 15.00
21 8.00 0.00 15.00
22 8.00 0.00 15.00
23 8.00 0.00 15.00
24 8.00 0.00 15.00
25 8.00 0.00 15.00
26 8.00 0.00 15.00
27 8.00 0.00 15.00
28 8.00 0.00 15.00
29 8.00 0.00 15.00
30 8.00 0.00 15.00
31 8.00 0.00 15.00
32 8.00 0.00 15.00
33 8.00 0.00 15.00
34 8.00 0.00 15.00
35 8.00 0.00 15.00
36 8.00 0.00 15.00
37 8.00 0.00 15.00
38 8.00 0.00 15.00
39 8.00 0.00 15.00
40 8.00 0.00 15.00
41 8.00 0.00 15.00
42 8.00 0.00 15.00
43 8.00 0.00 15.00
44 8.00 0.00 15.00
45 8.00 0.00 15.00
46 8.00 0.00 15.00
47 8.00 0.00 15.00
48 8.00 0.00 15.00
49 8.00 0.00 15.00
50 10.00 0.00 15.00
51 10.00 0.00 15.00
52 10.00 0.00 15.00
53 10.00 0.00 15.00
54 10.00 0.00 15.00
55 10.00 0.00 15.00
56 10.00 0.00 15.00
57 10.00 0.00 15.00
58 10.00 0.00 15.00
59 10.00 0.00 15.00
60 10.00 0.00 15.00
61 10.00 0.00 15.00
62 10.00 0.00 15.00
63 10.00 0.00 15.00
64 10.00 0.00 15.00
65 10.00 0.00 15.00
66 10.00 0.00 15.00
67 10.00 0.00 15.00
68 10.00 0.00 15.00
69 10.00 0.00 15.00
70 10.00 0.00 15.00
71 10.00 0.00 15.00
72 10.00 0.00 15.00
73 10.00 0.00 15.00
74 10.00 0.00 15.00
75 10.00 0.00 15.00
76 10.00 0.00 15.00
77 10.00 0.00 15.00
78 10.00 0.00 15.00
79 10.00 0.00 15.00
80 10.00 0.00 15.00
81 10.00 0.00 15.00
82 10.00 0.00 15.00
83 10.00 0.00 15.00
84 10.00 0.00 15.00
85 10.00 0.00 15.00
86 10.00 0.00 15.00
87 10.00 0.00 15.00
88 10.00 0.00 15.00
89 10.00 0.00 15.00
90 10.00 0.00 15.00
91 10.00 0.00 15.00
92 10.00 0.00 15.00
93 10.00 0.00 15.00
94 10.00 0.00 15.00
95 10.00 0.00 15.00
96 10.00 0.00 15.00
97 10.00 0.00 15.00
98 10.00 0.00 15.00
99 10.00 0.00 15.00
100 10.00 0.00 15.00
101 10.00 0.00 15.00
102 10.00 0.00 15.00
103 10.00 0.00 15.00
104 10.00 0.00 15.00
105 10.00 0.00 15.00
106 10.00 0.00 15.00
107 10.00 0.00 15.00
108 10.00 0.00 15.00
109 10.00 0.00 15.00
110 10.00 0.00 15.00
111 10.00 0.00 15.00
112 10.00 0.00 15.00
113 10.00 0.00 15.00
114 10.00 0.00 15.00
115 10.00 0.00 15.00
116 10.00 0.00 15.00
117 10.00 0.00 15.00
118 10.00 0.00 15.00
119 10.00 0.00 15.00
120 10.00 0.00 15.00
121 10.00 0.00 15.00
122 10.00 0.00 15.00
123 10.00 0.00 15.00
124 10.00 0.00 15.00
125 10.00 0.00 15.00
126 10.00 0.00 15.00
127 10.00 0.00 15.00
128 10.00 0.00 15.00
129 10.00 0.00 15.00
130 10.00 0.00 15.00
131 10.00 0.00 15.00
132 10.00 0.00 15.00
133 10.00 0.00 15.00
134 10.00 0.00 15.00
135 10.00 0.00 15.00
136 10.00 0.00 15.00
137 10.00 0.00 15.00
138 10.00 0.00 15.00
139 10.00 0.00 15.00
140 10.00 0.00 15.00
141 10.00 0.00 15.00
142 10.00 0.00 15.00
143 10.00 0.00 15.00
144 10.00 0.00 15.00
145 10.00 0.00 15.00
146 10.00 0.00 15.00
147 10.00 0.00 15.00
148 10.00 0.00 15.00
149 10.00 0.00 15.00
150 9.00 0.00 15.00
151 9.00 0.00 15.00
152 9.00 0.00 15.00
153 9.00 0.00 15.00
154 9.00 0.00 15.00
155 9.00 0.00 15.00
156 9.00 0.00 15.00
157 9.00 0.00 15.00
158 9.00 0.00 15.00
159 9.00 0.00 15.00
160 9.00 0.00 15.00
161 9.00 0.00 15.00
162 9.00 0.00 15.00
163 9.00 0.00 15.00
164 9.00 0.00 15.00
165 9.00 0.00 15.00
166 9.00 0.00 15.00
167 9.00 0.00 15.00
168 9.00 0.00 15.00
169 9.00 0.00 15.00
170 9.00 0.00 15.00
171 9.00 0.00 15.00
172 9.00 0.00 15.00
173 9.00 0.00 15.00
174 9.00 0.00 15.00
175 9.00 0.00 15.00
176 9.00 0.00 15.00
177 9.00 0.00 15.00
178 9.00 0.00 15.00
179 9.00 0.00 15.00
180 9.00 0.00 15.00
181 9.00 0.00 15.00
182 9.00 0.00 15.00
183 9.00 0.00 15.00
184 9.00 0.00 15.00
185 9.00 0.00 15.00
186 9.00 0.00 15.00
187 9.00 0.00 15.00
188 9.00 0.00 15.00
189 9.00 0.00 15.00
190 9.00 0.00 15.00
191 9.00 0.00 15.00
192 9.00 0.00 15.00
193 9.00 0.00 15.00
194 9.00 0.00 15.00
195 9.00 0.00 15.00
196 9.00 0.00 15.00
197 9.00 0.00 15.00
198 9.00 0.00 15.00
199 9.00 0.00 15.00
200 9.00 0.00 15.00
201 9.00 0.00 15.00
202 9.00 0.00 15.00
203 9.00 0.00 15.00
204 9.00 0.00 15.00
205 9.00 0.00 15.00
206 9.00 0.00 15.00
207 9.00 0.00 15.00
208 9.00 0.00 15.00
209 9.00 0.00 15.00
210 9.00 0.00 15.00
211 9.00 0.00 15.00
212 9.00 0.00 15.00
213 9.00 0.00 15.00
214 9.00 0.00 15.00
215 9.00 0.00 15.00
216 9.00 0.00 15.00
217 9.00 0.00 15.00
218 9.00 0.00 15.00
219 9.00 0.00 15.00
220 9.00 0.00 15.00
221 9.00 0.00 15.00
222 9.00 0.00 15.00
223 9.00 0.00 15.00
224 9.00 0.00 15.00
225 9.00 0.00 15.00
226 9.00 0.00 15.00
227 9.00 0.00 15.00
228 9.00 0.00 15.00
229 9.00 0.00 15.00
230 9.00 0.00 15.00
231 9.00 0.00 15.00
232 9.00 0.00 15.00
233 9.00 0.00 15.00
234 9.00 0.00 15.00
235 9.00 0.00 15.00
236 9.00 0.00 15.00
237 9.00 0.00 15.00
238 9.00 0.00 15.00
239 9.00 0.00 15.00
240 9.00 0.00 15.00
241 9.00 0.00 15.00
242 9.00 0.00 15.00
243 9.00 0.00 15.00
244 9.00 0.00 15.00
245 9.00 0.00 15.00
246 9.00 0.00 15.00
247 9.00 0.00 15.00
248 9.00 0.00 15.00
249 9.00 0.00 15.00
250 10.00 0.00 15.00
251 10.00 0.00 15.00
252 10.00 0.00 15.00
253 10.00 0.00 15.00
254 10.00 0.00 15.00
255 10.00 0.00 15.00
256 10.00 0.00 15.00
257 10.00 0.00 15.00
258 10.00 0.00 15.00
259 10.00 0.00 15.00
260 10.00 0.00 15.00
261 10.00 0.00 15.00
262 10.00 0.00 15.00
263 10.00 0.00 15.00
264 10.00 0.00 15.00
265 10.00 0.00 15.00
266 10.00 0.00 15.00
267 10.00 0.00 15.00
268 10.00 0.00 15.00
269 10.00 0.00 15.00
270 10.00 0.00 15.00
271 10.00 0.00 15.00
272 10.00 0.00 15.00
273 10.00 0.00 15.00
274 10.00 0.00 15.00
275 10.00 0.00 15.00
276 10.00 0.00 15.00
277 10.00 0.00 15.00
278 10.00 0.00 15.00
279 10.00 0.00 15.00
280 10.00 0.00 15.00
281 10.00 0.00 15.00
282 10.00 0.00 15.00
283 10.00 0.00 15.00
284 10.00 0.00 15.00
285 10.00 0.00 15.00
286 10.00 0.00 15.00
287 10.00 0.00 15.00
288 10.00 0.00 15.00
289 10.00 0.00 15.00
290 10.00 0.00 15.00
291 10.00 0.00 15.00
292 10.00 0.00 15.00
293 10.00 0.00 15.00
294 10.00 0.00 15.00
295 10.00 0.00 15.00
296 10.00 0.00 15.00
297 10.00 0.00 15.00
298 10.00 0.00 15.00
299 10.00 0.00 15.00
300 10.00 0.00 15.00
301 10.00 0.00 15.00
302 10.00 0.00 15.00
303 10.00 0.00 15.00
304 10.00 0.00 15.00
305 10.00 0.00 15.00
306 10.00 0.00 15.00
307 10.00 0.00 15.00
308 10.00 0.00 15.00
309 10.00 0.00 15.00
310 10.00 0.00 15.00
311 10.00 0.00 15.00
312 10.00 0.00 15.00
313 10.00 0.00 15.00
314 10.00 0.00 15.00
315 10.00 0.00 15.00
316 10.00 0.00 15.00
317 10.00 0.00 15.00
318 10.00 0.00 15.00
319 10.00 0.00 15.00
320 10.00 0.00 15.00
321 10.00 0.00 15.00
322 10.00 0.00 15.00
323 10.00 0.00 15.00
324 10.00 0.00 15.00
325 10.00 0.00 15.00
326 10.00 0.00 15.00
327 10.00 0.00 15.00
328 10.00 0.00 15.00
329 10.00 0.00 15.00
330 10.00 0.00 15.00
331 10.00 0.00 15.00
332 10.00 0.00 15.00
333 10.00 0.00 15.00
334 10.00 0.00 15.00
335 10.00 0.00 15.00
336 10.00 0.00 15.00
337 10.00 0.00 15.00
338 10.00 0.00 15.00
339 10.00 0.00 15.00
340 10.00 0.00 15.00
341 10.00 0.00 15.00
342 10.00 0.00 15.00
343 10.00 0.00 15.00
344 10.00 0.00 15.00
345 10.00 0.00 15.00
346 10.00 0.00 15.00
347 10.00 0.00 15.00
348 10.00 0.00 15.00
349 10.00 0.00 15.00
350 9.00 0.00 15.00
351 9.00 0.00 15.00
352 9.00 0.00 15.00
353 9.00 0.00 15.00
354 9.00 0.00 15.00
355 9.00 0.00 15.00
356 9.00 0.00 15.00
357 9.00 0.00 15.00
358 9.00 0.00 15.00
359 9.00 0.00 15.00
360 9.00 0.00 15.00
361 9.00 0.00 15.00
362 9.00 0.00 15.00
363 9.00 0.00 15.00
364 9.00 0.00 15.00
365 9.00 0.00 15.00
366 9.00 0.00 15.00
367 9.00 0.00 15.00
368 9.00 0.00 15.00
369 9.00 0.00 15.00
370 9.00 0.00 15.00
371 9.00 0.00 15.00
372 9.00 0.00 15.00
373 9.00 0.00 15.00
374 9.00 0.00 15.00
375 9.00 0.00 15.00
376 9.00 0.00 15.00
377 9.00 0.00 15.00
378 9.00 0.00 15.00
379 9.00 0.00 15.00
380 9.00 0.00 15.00
381 9.00 0.00 15.00
382 9.00 0.00 15.00
383 9.00 0.00 15.00
384 9.00 0.00 15.00
385 9.00 0.00 15.00
386 9.00 0.00 15.00
387 9.00 0.00 15.00
388 9.00 0.00 15.00
389 9.00 0.00 15.00
390 9.00 0.00 15.00
391 9.00 0.00 15.00
392 9.00 0.00 15.00
393 9.00 0.00 15.00
394 9.00 0.00 15.00
395 9.00 0.00 15.00
396 9.00 0.00 15.00
397 9.00 0.00 15.00
398 9.00 0.00 15.00
399 9.00 0.00 15.00
400 7.93 0.00 15.00
401 7.93 0.00 15.00
402 7.93 0.00 15.00
403 7.93 0.00 15.00
404 7.93 0.00 15.00
405 7.93 0.00 15.00
406 7.93 0.00 15.00
407 7.93 0.00 15.00
408 7.93 0.00 15.00
409 7.93 0.00 15.00
410 7.93 0.00 15.00
411 7.93 0.00 15.00
412 7.93 0.00 15.00
413 7.93 0.00 15.00
414 7.93 0.00 15.00
415 7.93 0.00 15.00
416 7.93 0.00 15.00
417 7.93 0.00 15.00
418 7.93 0.00 15.00
419 7.93 0.00 15.00
420 7.93 0.00 15.00
421 7.93 0.00 15.00
422 7.93 0.00 15.00
423 7.93 0.00 15.00
424 7.93 0.00 15.00
425 7.93 0.00 15.00
426 7.93 0.00 15.00
427 7.93 0.00 15.00
428 7.93 0.00 15.00
429 7.93 0.00 15.00
430 7.93 0.00 15.00
431 7.93 0.00 15.00
432 7.93 0.00 15.00
433 7.93 0.00 15.00
434 7.93 0.00 15.00
435 7.93 0.00 15.00
436 7.93 0.00 15.00
437 7.93 0.00 15.00
438 7.93 0.00 15.00
439 7.93 0.00 15.00
440 7.93 0.00 15.00
441 7.93 0.00 15.00
442 7.93 0.00 15.00
443 7.93 0.00 15.00
444 7.93 0.00 15.00
445 7.93 0.00 15.00
446 7.93 0.00 15.00
447 7.93 0.00 15.00
448 7.93 0.00 15.00
449 7.93 0.00 15.00
450 10.00 0.00 15.00
451 10.00 0.00 15.00
452 10.00 0.00 15.00
453 10.00 0.00 15.00
454 10.00 0.00 15.00
455 10.00 0.00 15.00
456 10.00 0.00 15.00
457 10.00 0.00 15.00
458 10.00 0.00 15.00
459 10.00 0.00 15.00
460 10.00 0.00 15.00
461 10.00 0.00 15.00
462 10.00 0.00 15.00
463 10.00 0.00 15.00
464 10.00 0.00 15.00
465 10.00 0.00 15.00
466 10.00 0.00 15.00
467 10.00 0.00 15.00
468 10.00 0.00 15.00
469 10.00 0.00 15.00
470 10.00 0.00 15.00
471 10.00 0.00 15.00
472 10.00 0.00 15.00
473 10.00 0.00 15.00
474 10.00 0.00 15.00
475 10.00 0.00 15.00
476 10.00 0.00 15.00
477 10.00 0.00 15.00
478 10.00 0.00 15.00
479 10.00 0.00 15.00
480 10.00 0.00 15.00
481 10.00 0.00 15.00
482 10.00 0.00 15.00
483 10.00 0.00 15.00
484 10.00 0.00 15.00
485 10.00 0.00 15.00
486 10.00 0.00 15.00
487 10.00 0.00 15.00
488 10.00 0.00 15.00
489 10.00 0.00 15.00
490 10.00 0.00 15.00
491 10.00 0.00 15.00
492 10.00 0.00 15.00
493 10.00 0.00 15.00
494 10.00 0.00 15.00
495 10.00 0.00 15.00
496 10.00 0.00 15.00
497 10.00 0.00 15.00
498 10.00 0.00 15.00
499 10.00 0.00 15.00
500 17.80 0.00 15.00
501 17.80 0.00 15.00
502 17.80 0.00 15.00
503 17.80 0.00 15.00
504 17.80 0.00 15.00
505 17.80 0.00 15.00
506 17.80 0.00 15.00
507 17.80 0.00 15.00
508 17.80 0.00 15.00
509 17.80 0.00 15.00
510 17.80 0.00 15.00
511 17.80 0.00 15.00
512 17.80 0.00 15.00
513 17.80 0.00 15.00
514 17.80 0.00 15.00
515 17.80 0.00 15.00
516 17.80 0.00 15.00
517 17.80 0.00 15.00
518 17.80 0.00 15.00
519 17.80 0.00 15.00
520 17.80 0.00 15.00
521 17.80 0.00 15.00
522 17.80 0.00 15.00
523 17.80 0.00 15.00
524 17.80 0.00 15.00
525 17.80 0.00 15.00
526 17.80 0.00 15.00
527 17.80 0.00 15.00
528 17.80 0.00 15.00
529 17.80 0.00 15.00
530 17.80 0.00 15.00
531 17.80 0.00 15.00
532 17.80 0.00 15.00
533 17.80 0.00 15.00
534 17.80 0.00 15.00
535 17.80 0.00 15.00
536 17.80 0.00 15.00
537 17.80 0.00 15.00
538 17.80 0.00 15.00
539 17.80 0.00 15.00
540 17.80 0.00 15.00
541 17.80 0.00 15.00
542 17.80 0.00 15.00
543 17.80 0.00 15.00
544 17.80 0.00 15.00
545 17.80 0.00 15.00
546 17.80 0.00 15.00
547 17.80 0.00 15.00
548 17.80 0.00 15.00
549 17.80 0.00 15.00
550 15.00 0.00 15.00
551 15.00 0.00 15.00
552 15.00 0.00 15.00
553 15.00 0.00 15.00
554 15.00 0.00 15.00
555 15.00 0.00 15.00
556 15.00 0.00 15.00
557 15.00 0.00 15.00
558 15.00 0.00 15.00
559 15.00 0.00 15.00
560 15.00 0.00 15.00
561 15.00 0.00 15.00
562 15.00 0.00 15.00
563 15.00 0.00 15.00
564 15.00 0.00 15.00
565 15.00 0.00 15.00
566 15.00 0.00 15.00
567 15.00 0.00 15.00
568 15.00 0.00 15.00
569 15.00 0.00 15.00
570 15.00 0.00 15.00
571 15.00 0.00 15.00
572 15.00 0.00 15.00
573 15.00 0.00 15.00
574 15.00 0.00 15.00
575 15.00 0.00 15.00
576 15.00 0.00 15.00
577 15.00 0.00 15.00
578 15.00 0.00 15.00
579 15.00 0.00 15.00
580 15.00 0.00 15.00
581 15.00 0.00 15.00
582 15.00 0.00 15.00
583 15.00 0.00 15.00
584 15.00 0.00 15.00
585 15.00 0.00 15.00
586 15.00 0.00 15.00
587 15.00 0.00 15.00
588 15.00 0.00 15.00
589 15.00 0.00 15.00
590 15.00 0.00 15.00
591 15.00 0.00 15.00
592 15.00 0.00 15.00
593 15.00 0.00 15.00
594 15.00 0.00 15.00
595 15.00 0.00 15.00
596 15.00 0.00 15.00
597 15.00 0.00 15.00
598 15.00 0.00 15.00
599 15.00 0.00 15.00
600 15.00 0.00 15.00
601 15.00 0.00 15.00
602 15.00 0.00 15.00
603 15.00 0.00 15.00
604 15.00 0.00 15.00
605 15.00 0.00 15.00
606 15.00 0.00 15.00
607 15.00 0.00 15.00
608 15.00 0.00 15.00
609 15.00 0.00 15.00
610 15.00 0.00 15.00
611 15.00 0.00 15.00
612 15.00 0.00 15.00
613 15.00 0.00 15.00
614 15.00 0.00 15.00
615 15.00 0.00 15.00
616 15.00 0.00 15.00
617 15.00 0.00 15.00
618 15.00 0.00 15.00
619 15.00 0.00 15.00
620 15.00 0.00 15.00
621 15.00 0.00 15.00
622 15.00 0.00 15.00
623 15.00 0.00 15.00
624 15.00 0.00 15.00
625 15.00 0.00 15.00
626 15.00 0.00 15.00
627 15.00 0.00 15.00
628 15.00 0.00 15.00
629 15.00 0.00 15.00
630 15.00 0.00 15.00
631 15.00 0.00 15.00
632 15.00 0.00 15.00
633 15.00 0.00 15.00
634 15.00 0.00 15.00
635 15.00 0.00 15.00
636 15.00 0.00 15.00
637 15.00 0.00 15.00
638 15.00 0.00 15.00
639 15.00 0.00 15.00
640 15.00 0.00 15.00
641 15.00 0.00 15.00
642 15.00 0.00 15.00
643 15.00 0.00 15.00
644 15.00 0.00 15.00
645 15.00 0.00 15.00
646 15.00 0.00 15.00
647 15.00 0.00 15.00
648 15.00 0.00 15.00
649 15.00 0.00 15.00
650 15.00 0.00 15.00
651 15.00 0.00 15.00
652 15.00 0.00 15.00
653 15.00 0.00 15.00
654 15.00 0.00 15.00
655 15.00 0.00 15.00
656 15.00 0.00 15.00
657 15.00 0.00 15.00
658 15.00 0.00 15.00
659 15.00 0.00 15.00
660 15.00 0.00 15.00
661 15.00 0.00 15.00
662 15.00 0.00 15.00
663 15.00 0.00 15.00
664 15.00 0.00 15.00
665 15.00 0.00 15.00
666 15.00 0.00 15.00
667 15.00 0.00 15.00
668 15.00 0.00 15.00
669 15.00 0.00 15.00
670 15.00 0.00 15.00
671 15.00 0.00 15.00
672 15.00 0.00 15.00
673 15.00 0.00 15.00
674 15.00 0.00 15.00
675 15.00 0.00 15.00
676 15.00 0.00 15.00
677 15.00 0.00 15.00
678 15.00 0.00 15.00
679 15.00 0.00 15.00
680 15.00 0.00 15.00
681 15.00 0.00 15.00
682 15.00 0.00 15.00
683 15.00 0.00 15.00
684 15.00 0.00 15.00
685 15.00 0.00 15.00
686 15.00 0.00 15.00
687 15.00 0.00 15.00
688 15.00 0.00 15.00
689 15.00 0.00 15.00
690 15.00 0.00 15.00
691 15.00 0.00 15.00
692 15.00 0.00 15.00
693 15.00 0.00 15.00
694 15.00 0.00 15.00
695 15.00 0.00 15.00
696 15.00 0.00 15.00
697 15.00 0.00 15.00
698 15.00 0.00 15.00
699 15.00 0.00 15.00
700 13.50 0.00 15.00
701 13.50 0.00 15.00
702 13.50 0.00 15.00
703 13.50 0.00 15.00
704 13.50 0.00 15.00
705 13.50 0.00 15.00
706 13.50 0.00 15.00
707 13.50 0.00 15.00
708 13.50 0.00 15.00
709 13.50 0.00 15.00
710 13.50 0.00 15.00
711 13.50 0.00 15.00
712 13.50 0.00 15.00
713 13.50 0.00 15.00
714 13.50 0.00 15.00
715 13.50 0.00 15.00
716 13.50 0.00 15.00
717 13.50 0.00 15.00
718 13.50 0.00 15.00
719 13.50 0.00 15.00
720 13.50 0.00 15.00
721 13.50 0.00 15.00
722 13.50 0.00 15.00
723 13.50 0.00 15.00
724 13.50 0.00 15.00
725 13.50 0.00 15.00
726 13.50 0.00 15.00
727 13.50 0.00 15.00
728 13.50 0.00 15.00
729 13.50 0.00 15.00
730 13.50 0.00 15.00
731 13.50 0.00 15.00
732 13.50 0.00 15.00
733 13.50 0.00 15.00
734 13.50 0.00 15.00
735 13.50 0.00 15.00
736 13.50 0.00 15.00
737 13.50 0.00 15.00
738 13.50 0.00 15.00
739 13.50 0.00 15.00
740 13.50 0.00 15.00
741 13.50 0.00 15.00
742 13.50 0.00 15.00
743 13.50 0.00 15.00
744 13.50 0.00 15.00
745 13.50 0.00 15.00
746 13.50 0.00 15.00
747 13.50 0.00 15.00
748 13.50 0.00 15.00
749 13.50 0.00 15.00
750 15.00 0.00 15.00
751 15.00 0.00 15.00
752 15.00 0.00 15.00
753 15.00 0.00 15.00
754 15.00 0.00 15.00
755 15.00 0.00 15.00
756 15.00 0.00 15.00
757 15.00 0.00 15.00
758 15.00 0.00 15.00
759 15.00 0.00 15.00
760 15.00 0.00 15.00
761 15.00 0.00 15.00
762 15.00 0.00 15.00
763 15.00 0.00 15.00
764 15.00 0.00 15.00
765 15.00 0.00 15.00
766 15.00 0.00 15.00
767 15.00 0.00 15.00
768 15.00 0.00 15.00
769 15.00 0.00 15.00
770 15.00 0.00 15.00
771 15.00 0.00 15.00
772 15.00 0.00 15.00
773 15.00 0.00 15.00
774 15.00 0.00 15.00
775 15.00 0.00 15.00
776 15.00 0.00 15.00
777 15.00 0.00 15.00
778 15.00 0.00 15.00
779 15.00 0.00 15.00
780 15.00 0.00 15.00
781 15.00 0.00 15.00
782 15.00 0.00 15.00
783 15.00 0.00 15.00
784 15.00 0.00 15.00
785 15.00 0.00 15.00
786 15.00 0.00 15.00
787 15.00 0.00 15.00
788 15.00 0.00 15.00
789 15.00 0.00 15.00
790 15.00 0.00 15.00
791 15.00 0.00 15.00
792 15.00 0.00 15.00
793 15.00 0.00 15.00
794 15.00 0.00 15.00
795 15.00 0.00 15.00
796 15.00 0.00 15.00
797 15.00 0.00 15.00
798 15.00 0.00 15.00
799 15.00 0.00 15.00
800 0.00 0.00 15.00
801 0.00 0.00 15.00
802 0.00 0.00 15.00
803 0.00 0.00 15.00
804 0.00 0.00 15.00
805 0.00 0.00 15.00
806 0.00 0.00 15.00
807 0.00 0.00 15.00
808 0.00 0.00 15.00
809 0.00 0.00 15.00
810 0.00 0.00 15.00
811 0.00 0.00 15.00
812 0.00 0.00 15.00
813 0.00 0.00 15.00
814 0.00 0.00 15.00
815 0.00 0.00 15.00
816 0.00 0.00 15.00
817 0.00 0.00 15.00
818 0.00 0.00 15.00
819 0.00 0.00 15.00
820 0.00 0.00 15.00
821 0.00 0.00 15.00
822 0.00 0.00 15.00
823 0.00 0.00 15.00
824 0.00 0.00 15.00
825 0.00 0.00 15.00
826 0.00 0.00 15.00
827 0.00 0.00 15.00
828 0.00 0.00 15.00
829 0.00 0.00 15.00
830 0.00 0.00 15.00
831 0.00 0.00 15.00
832 0.00 0.00 15.00
833 0.00 0.00 15.00
834 0.00 0.00 15.00
835 0.00 0.00 15.00
836 0.00 0.00 15.00
837 0.00 0.00 15.00
838 0.00 0.00 15.00
839 0.00 0.00 15.00
840 0.00 0.00 15.00
841 0.00 0.00 15.00
842 0.00 0.00 15.00
843 0.00 0.00 15.00
844 0.00 0.00 15.00
845 0.00 0.00 15.00
846 0.00 0.00 15.00
847 0.00 0.00 15.00
848 0.00 0.00 15.00
849 0.00 0.00 15.00
850 13.50 0.00 15.00
851 13.50 0.00 15.00
852 13.50 0.00 15.00
853 13.50 0.00 15.00
854 13.50 0.00 15.00
855 13.50 0.00 15.00
856 13.50 0.00 15.00
857 13.50 0.00 15.00
858 13.50 0.00 15.00
859 13.50 0.00 15.00
860 13.50 0.00 15.00
861 13.50 0.00 15.00
862 13.50 0.00 15.00
863 13.50 0.00 15.00
864 13.50 0.00 15.00
865 13.50 0.00 15.00
866 13.50 0.00 15.00
867 13.50 0.00 15.00
868 13.50 0.00 15.00
869 13.50 0.00 15.00
870 13.50 0.00 15.00
871 13.50 0.00 15.00
872 13.50 0.00 15.00
873 13.50 0.00 15.00
874 13.50 0.00 15.00
875 13.50 0.00 15.00
876 13.50 0.00 15.00
877 13.50 0.00 15.00
878 13.50 0.00 15.00
879 13.50 0.00 15.00
880 13.50 0.00 15.00
881 13.50 0.00 15.00
882 13.50 0.00 15.00
883 13.50 0.00 15.00
884 13.50 0.00 15.00
885 13.50 0.00 15.00
886 13.50 0.00 15.00
887 13.50 0.00 15.00
888 13.50 0.00 15.00
889 13.50 0.00 15.00
890 13.50 0.00 15.00
891 13.50 0.00 15.00
892 13.50 0.00 15.00
893 13.50 0.00 15.00
894 13.50 0.00 15.00
895 13.50 0.00 15.00
896 13.50 0.00 15.00
897 13.50 0.00 15.00
898 13.50 0.00 15.00
899 13.50 0.00 15.00
900 15.00 0.00 15.00
901 15.00 0.00 15.00
902 15.00 0.00 15.00
903 15.00 0.00 15.00
904 15.00 0.00 15.00
905 15.00 0.00 15.00
906 15.00 0.00 15.00
907 15.00 0.00 15.00
908 15.00 0.00 15.00
909 15.00 0.00 15.00
910 15.00 0.00 15.00
911 15.00 0.00 15.00
912 15.00 0.00 15.00
913 15.00 0.00 15.00
914 15.00 0.00 15.00
915 15.00 0.00 15.00
916 15.00 0.00 15.00
917 15.00 0.00 15.00
918 15.00 0.00 15.00
919 15.00 0.00 15.00
920 15.00 0.00 15.00
921 15.00 0.00 15.00
922 15.00 0.00 15.00
923 15.00 0.00 15.00
924 15.00 0.00 15.00
925 15.00 0.00 15.00
926 15.00 0.00 15.00
927 15.00 0.00 15.00
928 15.00 0.00 15.00
929 15.00 0.00 15.00
930 15.00 0.00 15.00
931 15.00 0.00 15.00
932 15.00 0.00 15.00
933 15.00 0.00 15.00
934 15.00 0.00 15.00
935 15.00 0.00 15.00
936 15.00 0.00 15.00
937 15.00 0.00 15.00
938 15.00 0.00 15.00
939 15.00 0.00 15.00
940 15.00 0.00 15.00
941 15.00 0.00 15.00
942 15.00 0.00 15.00
943 15.00 0.00 15.00
944 15.00 0.00 15.00
945 15.00 0.00 15.00
946 15.00 0.00 15.00
947 15.00 0.00 15.00
948 15.00 0.00 15.00
949 15.00 0.00 15.00
950 15.00 0.00 15.00
951 15.00 0.00 15.00
952 15.00 0.00 15.00
953 15.00 0.00 15.00
954 15.00 0.00 15.00
955 15.00 0.00 15.00
956 15.00 0.00 15.00
957 15.00 0.00 15.00
958 15.00 0.00 15.00
959 15.00 0.00 15.00
960 15.00 0.00 15.00
961 15.00 0.00 15.00
962 15.00 0.00 15.00
963 15.00 0.00 15.00
964 15.00 0.00 15.00
965 15.00 0.00 15.00
966 15.00 0.00 15.00
967 15.00 0.00 15.00
968 15.00 0.00 15.00
969 15.00 0.00 15.00
970 15.00 0.00 15.00
971 15.00 0.00 15.00
972 15.00 0.00 15.00
973 15.00 0.00 15.00
974 15.00 0.00 15.00
975 15.00 0.00 15.00
976 15.00 0.00 15.00
977 15.00 0.00 15.00
978 15.00 0.00 15.00
979 15.00 0.00 15.00
980 15.00 0.00 15.00
981 15.00 0.00 15.00
982 15.00 0.00 15.00
983 15.00 0.00 15.00
984 15.00 0.00 15.00
985 15.00 0.00 15.00
986 15.00 0.00 15.00
987 15.00 0.00 15.00
988 15.00 0.00 15.00
989 15.00 0.00 15.00
990 15.00 0.00 15.00
991 15.00 0.00 15.00
992 15.00 0.00 15.00
993 15.00 0.00 15.00
994 15.00 0.00 15.00
995 15.00 0.00 15.00
996 15.00 0.00 15.00
997 15.00 0.00 15.00
998 15.00 0.00 15.00
999 15.00 0.00 15.00
1000 15.00 0.00 15.00
1001 15.00 0.00 15.00
1002 15.00 0.00 15.00
1003 15.00 0.00 15.00
1004 15.00 0.00 15.00
1005 15.00 0.00 15.00
1006 15.00 0.00 15.00
1007 15.00 0.00 15.00
1008 15.00 0.00 15.00
1009 15.00 0.00 15.00
1010 15.00 0.00 15.00
1011 15.00 0.00 15.00
1012 15.00 0.00 15.00
1013 15.00 0.00 15.00
1014 15.00 0.00 15.00
1015 15.00 0.00 15.00
1016 15.00 0.00 15.00
1017 15.00 0.00 15.00
1018 15.00 0.00 15.00
1019 15.00 0.00 15.00
1020 15.00 0.00 15.00
1021 15.00 0.00 15.00
1022 15.00 0.00 15.00
1023 15.00 0.00 15.00
1024 15.00 0.00 15.00
1025 15.00 0.00 15.00
1026 15.00 0.00 15.00
1027 15.00 0.00 15.00
1028 15.00 0.00 15.00
1029 15.00 0.00 15.00
1030 15.00 0.00 15.00
1031 15.00 0.00 15.00
1032 15.00 0.00 15.00
1033 15.00 0.00 15.00
1034 15.00 0.00 15.00
1035 15.00 0.00 15.00
1036 15.00 0.00 15.00
1037 15.00 0.00 15.00
1038 15.00 0.00 15.00
1039 15.00 0.00 15.00
