0 0.00 0.00
1 0.00 0.00
2 0.00 0.00
3 0.00 0.00
4 0.00 0.00
5 0.00 0.00
6 0.00 0.00
7 0.00 0.00
8 0.00 0.00
9 0.00 0.00
10 0.00 0.00
11 0.00 0.00
12 0.00 0.00
13 0.00 0.00
14 0.00 0.00
15 0.00 0.00
16 0.00 0.00
17 0.00 0.00
18 0.00 0.00
19 0.00 0.00
20 0.00 0.00
21 0.00 0.00
22 0.00 0.00
23 0.00 0.00
24 0.00 0.00
25 0.00 0.00
26 0.00 0.00
27 0.00 0.00
28 0.00 0.00
29 0.00 0.00
30 0.00 0.00
31 0.00 0.00
32 0.00 0.00
33 0.00 0.00
34 0.00 0.00
35 0.00 0.00
36 0.00 0.00
37 0.00 0.00
38 0.00 0.00
39 0.00 0.00
40 0.00 0.00
41 0.00 0.00
42 0.00 0.00
43 0.00 0.00
44 0.00 0.00
45 0.00 0.00
46 0.00 0.00
47 0.00 0.00
48 0.00 0.00
49 0.00 0.00
50 0.00 0.00
51 0.00 0.00
52 0.00 0.00
53 0.00 0.00
54 0.00 0.00
55 0.00 0.00
56 0.00 0.00
57 0.00 0.00
58 0.00 0.00
59 0.00 0.00
60 0.00 0.00
61 0.00 0.00
62 0.00 0.00
63 0.00 0.00
64 0.00 0.00
65 0.00 0.00
66 0.00 0.00
67 15.00 0.00
68 15.00 0.00
69 15.00 0.00
70 15.00 0.00
71 15.00 0.00
72 15.00 0.00
73 15.00 0.00
74 15.00 0.00
75 15.00 0.00
76 15.00 0.00
77 15.00 0.00
78 15.00 0.00
79 15.00 0.00
80 15.00 0.00
81 15.00 0.00
82 15.00 0.00
83 15.00 0.00
84 15.00 0.00
85 15.00 0.00
86 15.00 0.00
87 15.00 0.00
88 15.00 0.00
89 15.00 0.00
90 15.00 0.00
91 15.00 0.00
92 15.00 0.00
93 15.00 0.00
94 15.00 0.00
95 15.00 0.00
96 15.00 0.00
97 15.00 0.00
98 15.00 0.00
99 15.00 0.00
100 15.00 0.00
101 15.00 0.00
102 15.00 0.00
103 15.00 0.00
104 15.00 0.00
105 15.00 0.00
106 15.00 0.00
107 15.00 0.00
108 15.00 0.00
109 15.00 0.00
110 15.00 0.00
111 15.00 0.00
112 15.00 0.00
113 15.00 0.00
114 15.00 0.00
115 15.00 0.00
116 15.00 0.00
117 15.00 0.00
118 15.00 0.00
119 15.00 0.00
120 15.00 0.00
121 15.00 0.00
122 15.00 0.00
123 15.00 0.00
124 15.00 0.00
125 15.00 0.00
126 15.00 0.00
127 15.00 0.00
128 15.00 0.00
129 15.00 0.00
130 15.00 0.00
131 15.00 0.00
132 15.00 0.00
133 15.00 0.00
134 15.00 0.00
135 15.00 0.00
136 15.00 0.00
137 15.00 0.00
138 15.00 0.00
139 15.00 0.00
140 15.00 0.00
141 15.00 0.00
142 15.00 0.00
143 15.00 0.00
144 15.00 0.00
145 15.00 0.00
146 15.00 0.00
147 15.00 0.00
148 15.00 0.00
149 15.00 0.00
150 15.00 0.00
151 15.00 0.00
152 15.00 0.00
153 15.00 0.00
154 15.00 0.00
155 15.00 0.00
156 15.00 0.00
157 15.00 0.00
158 15.00 0.00
159 15.00 0.00
160 15.00 0.00
161 15.00 0.00
162 15.00 0.00
163 15.00 0.00
164 15.00 0.00
165 15.00 0.00
166 15.00 0.00
167 15.00 0.00
168 15.00 0.00
169 15.00 0.00
170 15.00 0.00
171 15.00 0.00
172 15.00 0.00
173 15.00 0.00
174 15.00 0.00
175 15.00 0.00
176 15.00 0.00
177 15.00 0.00
178 15.00 0.00
179 15.00 0.00
180 15.00 0.00
181 15.00 0.00
182 15.00 0.00
183 15.00 0.00
184 15.00 0.00
185 15.00 0.00
186 15.00 0.00
187 15.00 0.00
188 15.00 0.00
189 15.00 0.00
190 15.00 0.00
191 15.00 0.00
192 15.00 0.00
193 15.00 0.00
194 15.00 0.00
195 15.00 0.00
196 15.00 0.00
197 15.00 0.00
198 15.00 0.00
199 15.00 0.00
200 15.00 0.00
201 15.00 0.00
202 15.00 0.00
203 15.00 0.00
204 15.00 0.00
205 15.00 0.00
206 15.00 0.00
207 15.00 0.00
208 15.00 0.00
209 15.00 0.00
210 15.00 0.00
211 15.00 0.00
212 15.00 0.00
213 15.00 0.00
214 15.00 0.00
215 15.00 0.00
216 15.00 0.00
217 15.00 0.00
218 15.00 0.00
219 15.00 0.00
220 15.00 0.00
221 15.00 0.00
222 15.00 0.00
223 15.00 0.00
224 15.00 0.00
225 15.00 0.00
226 15.00 0.00
227 15.00 0.00
228 15.00 0.00
229 15.00 0.00
230 15.00 0.00
231 15.00 0.00
232 15.00 0.00
233 15.00 0.00
234 15.00 0.00
235 15.00 0.00
236 15.00 0.00
237 15.00 0.00
238 15.00 0.00
239 15.00 0.00
240 15.00 0.00
241 15.00 0.00
242 15.00 0.00
243 15.00 0.00
244 15.00 0.00
245 15.00 0.00
246 15.00 0.00
247 15.00 0.00
248 15.00 0.00
249 15.00 0.00
250 15.00 0.00
251 15.00 0.00
252 15.00 0.00
253 15.00 0.00
254 15.00 0.00
255 15.00 0.00
256 15.00 0.00
257 15.00 0.00
258 15.00 0.00
259 15.00 0.00
260 15.00 0.00
261 15.00 0.00
262 15.00 0.00
263 15.00 0.00
264 15.00 0.00
265 15.00 0.00
266 15.00 0.00
267 15.00 0.00
268 15.00 0.00
269 15.00 0.00
270 15.00 0.00
271 15.00 0.00
272 15.00 0.00
273 15.00 0.00
274 15.00 0.00
275 15.00 0.00
276 15.00 0.00
277 15.00 0.00
278 15.00 0.00
279 15.00 0.00
280 15.00 0.00
281 15.00 0.00
282 15.00 0.00
283 15.00 0.00
284 15.00 0.00
285 15.00 0.00
286 15.00 0.00
287 15.00 0.00
288 15.00 0.00
289 15.00 0.00
290 15.00 0.00
291 15.00 0.00
292 15.00 0.00
293 15.00 0.00
294 15.00 0.00
295 15.00 0.00
296 15.00 0.00
297 15.00 0.00
298 15.00 0.00
299 15.00 0.00
300 15.00 0.00
301 15.00 0.00
302 15.00 0.00
303 15.00 0.00
304 15.00 0.00
305 15.00 0.00
306 15.00 0.00
307 15.00 0.00
308 15.00 0.00
309 15.00 0.00
310 15.00 0.00
311 15.00 0.00
312 15.00 0.00
313 15.00 0.00
314 15.00 0.00
315 15.00 0.00
316 15.00 0.00
317 15.00 0.00
318 15.00 0.00
319 15.00 0.00
320 15.00 0.00
321 15.00 0.00
322 15.00 0.00
323 15.00 0.00
324 15.00 0.00
325 15.00 0.00
326 15.00 0.00
327 15.00 0.00
328 15.00 0.00
329 15.00 0.00
330 15.00 0.00
331 15.00 0.00
332 15.00 0.00
333 15.00 0.00
334 15.00 0.00
335 15.00 0.00
336 15.00 0.00
337 15.00 0.00
338 15.00 0.00
339 15.00 0.00
340 15.00 0.00
341 15.00 0.00
342 15.00 0.00
343 15.00 0.00
344 15.00 0.00
345 15.00 0.00
346 15.00 0.00
347 15.00 0.00
348 15.00 0.00
349 15.00 0.00
350 15.00 0.00
351 15.00 0.00
352 15.00 0.00
353 15.00 0.00
354 15.00 0.00
355 15.00 0.00
356 15.00 0.00
357 15.00 0.00
358 15.00 0.00
359 15.00 0.00
360 15.00 0.00
361 15.00 0.00
362 15.00 0.00
363 15.00 0.00
364 15.00 0.00
365 15.00 0.00
366 15.00 0.00
367 15.00 0.00
368 15.00 0.00
369 15.00 0.00
370 15.00 0.00
371 15.00 0.00
372 15.00 0.00
373 15.00 0.00
374 15.00 0.00
375 15.00 0.00
376 15.00 0.00
377 15.00 0.00
378 15.00 0.00
379 15.00 0.00
380 15.00 0.00
381 15.00 0.00
382 15.00 0.00
383 15.00 0.00
384 15.00 0.00
385 15.00 0.00
386 15.00 0.00
387 15.00 0.00
388 15.00 0.00
389 15.00 0.00
390 15.00 0.00
391 15.00 0.00
392 15.00 0.00
393 15.00 0.00
394 15.00 0.00
395 15.00 0.00
396 15.00 0.00
397 15.00 0.00
398 15.00 0.00
399 15.00 0.00
400 15.00 0.00
401 15.00 0.00
402 15.00 0.00
403 15.00 0.00
404 15.00 0.00
405 15.00 0.00
406 15.00 0.00
407 15.00 0.00
408 15.00 0.00
409 15.00 0.00
410 15.00 0.00
411 15.00 0.00
412 15.00 0.00
413 15.00 0.00
414 15.00 0.00
415 15.00 0.00
416 15.00 0.00
417 15.00 0.00
418 15.00 0.00
419 15.00 0.00
420 15.00 0.00
421 15.00 0.00
422 15.00 0.00
423 15.00 0.00
424 15.00 0.00
425 15.00 0.00
426 15.00 0.00
427 15.00 0.00
428 15.00 0.00
429 15.00 0.00
430 15.00 0.00
431 15.00 0.00
432 15.00 0.00
433 15.00 0.00
434 15.00 0.00
435 15.00 0.00
436 15.00 0.00
437 15.00 0.00
438 15.00 0.00
439 15.00 0.00
440 15.00 0.00
441 15.00 0.00
442 15.00 0.00
443 15.00 0.00
444 15.00 0.00
445 15.00 0.00
446 15.00 0.00
447 15.00 0.00
448 15.00 0.00
449 15.00 0.00
450 15.00 0.00
451 15.00 0.00
452 15.00 0.00
453 15.00 0.00
454 15.00 0.00
455 15.00 0.00
456 15.00 0.00
457 15.00 0.00
458 15.00 0.00
459 15.00 0.00
460 15.00 0.00
461 15.00 0.00
462 15.00 0.00
463 15.00 0.00
464 15.00 0.00
465 15.00 0.00
466 15.00 0.00
467 15.00 0.00
468 15.00 0.00
469 15.00 0.00
470 15.00 0.00
471 15.00 0.00
472 15.00 0.00
473 15.00 0.00
474 15.00 0.00
475 15.00 0.00
476 15.00 0.00
477 15.00 0.00
478 15.00 0.00
479 15.00 0.00
480 15.00 0.00
481 15.00 0.00
482 15.00 0.00
483 15.00 0.00
484 15.00 0.00
485 15.00 0.00
486 15.00 0.00
487 15.00 0.00
488 15.00 0.00
489 15.00 0.00
490 15.00 0.00
491 15.00 0.00
492 15.00 0.00
493 15.00 0.00
494 15.00 0.00
495 15.00 0.00
496 15.00 0.00
497 15.00 0.00
498 15.00 0.00
499 15.00 0.00
500 15.00 0.00
501 15.00 0.00
502 15.00 0.00
503 15.00 0.00
504 15.00 0.00
505 15.00 0.00
506 15.00 0.00
507 15.00 0.00
508 15.00 0.00
509 15.00 0.00
510 15.00 0.00
511 15.00 0.00
512 15.00 0.00
513 15.00 0.00
514 15.00 0.00
515 15.00 0.00
516 15.00 0.00
517 15.00 0.00
518 15.00 0.00
519 15.00 0.00
520 15.00 0.00
521 15.00 0.00
522 15.00 0.00
523 15.00 0.00
524 15.00 0.00
525 15.00 0.00
526 15.00 0.00
527 15.00 0.00
528 15.00 0.00
529 15.00 0.00
530 15.00 0.00
531 15.00 0.00
532 15.00 0.00
533 15.00 0.00
534 15.00 0.00
535 15.00 0.00
536 15.00 0.00
537 15.00 0.00
538 15.00 0.00
539 15.00 0.00
540 15.00 0.00
541 15.00 0.00
542 15.00 0.00
543 15.00 0.00
544 15.00 0.00
545 15.00 0.00
546 15.00 0.00
547 15.00 0.00
548 15.00 0.00
549 15.00 0.00
550 15.00 0.00
551 15.00 0.00
552 15.00 0.00
553 15.00 0.00
554 15.00 0.00
555 15.00 0.00
556 15.00 0.00
557 15.00 0.00
558 15.00 0.00
559 15.00 0.00
560 15.00 0.00
561 15.00 0.00
562 15.00 0.00
563 15.00 0.00
564 15.00 0.00
565 15.00 0.00
566 15.00 0.00
567 15.00 0.00
568 15.00 0.00
569 15.00 0.00
570 15.00 0.00
571 15.00 0.00
572 15.00 0.00
573 15.00 0.00
574 15.00 0.00
575 15.00 0.00
576 15.00 0.00
577 15.00 0.00
578 15.00 0.00
579 15.00 0.00
580 15.00 0.00
581 15.00 0.00
582 15.00 0.00
583 15.00 0.00
584 15.00 0.00
585 15.00 0.00
586 15.00 0.00
587 15.00 0.00
588 15.00 0.00
589 15.00 0.00
590 15.00 0.00
591 15.00 0.00
592 15.00 0.00
593 15.00 0.00
594 15.00 0.00
595 15.00 0.00
596 15.00 0.00
597 15.00 0.00
598 15.00 0.00
599 30.00 0.00
600 30.00 0.00
601 30.00 0.00
602 30.00 0.00
603 30.00 0.00
604 30.00 0.00
605 30.00 0.00
606 30.00 0.00
607 30.00 0.00
608 30.00 0.00
609 30.00 0.00
610 30.00 0.00
611 30.00 0.00
612 30.00 0.00
613 30.00 0.00
614 30.00 0.00
615 30.00 0.00
616 30.00 0.00
617 30.00 0.00
618 30.00 0.00
619 30.00 0.00
620 30.00 0.00
621 30.00 0.00
622 30.00 0.00
623 30.00 0.00
624 30.00 0.00
625 30.00 0.00
626 30.00 0.00
627 30.00 0.00
628 30.00 0.00
629 30.00 0.00
630 30.00 0.00
631 30.00 0.00
632 30.00 0.00
633 30.00 0.00
634 30.00 0.00
635 30.00 0.00
636 30.00 0.00
637 30.00 0.00
638 30.00 0.00
639 30.00 0.00
640 30.00 0.00
641 30.00 0.00
642 30.00 0.00
643 30.00 0.00
644 30.00 0.00
645 30.00 0.00
646 30.00 0.00
647 30.00 0.00
648 30.00 0.00
649 30.00 0.00
650 30.00 0.00
651 30.00 0.00
652 30.00 0.00
653 30.00 0.00
654 30.00 0.00
655 30.00 0.00
656 30.00 0.00
657 30.00 0.00
658 30.00 0.00
659 30.00 0.00
660 30.00 0.00
661 30.00 0.00
662 30.00 0.00
663 30.00 0.00
664 30.00 0.00
665 30.00 0.00
666 30.00 0.00
667 30.00 0.00
668 30.00 0.00
669 30.00 0.00
670 30.00 0.00
671 30.00 0.00
672 30.00 0.00
673 30.00 0.00
674 30.00 0.00
675 30.00 0.00
676 30.00 0.00
677 30.00 0.00
678 30.00 0.00
679 30.00 0.00
680 30.00 0.00
681 30.00 0.00
682 30.00 0.00
683 30.00 0.00
684 30.00 0.00
685 30.00 0.00
686 30.00 0.00
687 30.00 0.00
688 30.00 0.00
689 30.00 0.00
690 30.00 0.00
691 30.00 0.00
692 30.00 0.00
693 30.00 0.00
694 30.00 0.00
695 30.00 0.00
696 30.00 0.00
697 30.00 0.00
698 30.00 0.00
699 30.00 0.00
700 30.00 0.00
701 30.00 0.00
702 30.00 0.00
703 30.00 0.00
704 30.00 0.00
705 30.00 0.00
706 30.00 0.00
707 30.00 0.00
708 30.00 0.00
709 30.00 0.00
710 30.00 0.00
711 30.00 0.00
712 30.00 0.00
713 30.00 0.00
714 30.00 0.00
715 30.00 0.00
716 30.00 0.00
717 30.00 0.00
718 30.00 0.00
719 30.00 0.00
720 30.00 0.00
721 30.00 0.00
722 30.00 0.00
723 30.00 0.00
724 30.00 0.00
725 30.00 0.00
726 30.00 0.00
727 30.00 0.00
728 30.00 0.00
729 30.00 0.00
730 30.00 0.00
731 30.00 0.00
732 30.00 0.00
733 30.00 0.00
734 30.00 0.00
735 30.00 0.00
736 30.00 0.00
737 30.00 0.00
738 30.00 0.00
739 30.00 0.00
740 30.00 0.00
741 30.00 0.00
742 30.00 0.00
743 30.00 0.00
744 30.00 0.00
745 30.00 0.00
746 30.00 0.00
747 30.00 0.00
748 30.00 0.00
749 30.00 0.00
750 30.00 0.00
751 30.00 0.00
752 30.00 0.00
753 30.00 0.00
754 30.00 0.00
755 30.00 0.00
756 30.00 0.00
757 30.00 0.00
758 30.00 0.00
759 30.00 0.00
760 30.00 0.00
761 30.00 0.00
762 30.00 0.00
763 30.00 0.00
764 30.00 0.00
765 30.00 0.00
766 30.00 0.00
767 30.00 0.00
768 30.00 0.00
769 30.00 0.00
770 30.00 0.00
771 30.00 0.00
772 30.00 0.00
773 30.00 0.00
774 30.00 0.00
775 30.00 0.00
776 30.00 0.00
777 30.00 0.00
778 30.00 0.00
779 30.00 0.00
780 30.00 0.00
781 30.00 0.00
782 30.00 0.00
783 30.00 0.00
784 30.00 0.00
785 30.00 0.00
786 30.00 0.00
787 30.00 0.00
788 30.00 0.00
789 30.00 0.00
790 30.00 0.00
791 30.00 0.00
792 30.00 0.00
793 30.00 0.00
794 30.00 0.00
795 30.00 0.00
796 30.00 0.00
797 30.00 0.00
798 30.00 0.00
799 30.00 0.00
800 30.00 0.00
801 30.00 0.00
802 30.00 0.00
803 30.00 0.00
804 30.00 0.00
805 30.00 0.00
806 30.00 0.00
807 30.00 0.00
808 30.00 0.00
809 30.00 0.00
810 30.00 0.00
811 30.00 0.00
812 30.00 0.00
813 30.00 0.00
814 30.00 0.00
815 30.00 0.00
816 30.00 0.00
817 30.00 0.00
818 30.00 0.00
819 30.00 0.00
820 30.00 0.00
821 30.00 0.00
822 30.00 0.00
823 30.00 0.00
824 30.00 0.00
825 30.00 0.00
826 30.00 0.00
827 30.00 0.00
828 30.00 0.00
829 30.00 0.00
830 30.00 0.00
831 30.00 0.00
832 30.00 0.00
833 30.00 0.00
834 30.00 0.00
835 30.00 0.00
836 30.00 0.00
837 30.00 0.00
838 30.00 0.00
839 30.00 0.00
840 30.00 0.00
841 30.00 0.00
842 30.00 0.00
843 30.00 0.00
844 30.00 0.00
845 30.00 0.00
846 30.00 0.00
847 30.00 0.00
848 30.00 0.00
849 30.00 0.00
850 30.00 0.00
851 30.00 0.00
852 30.00 0.00
853 30.00 0.00
854 30.00 0.00
855 30.00 0.00
856 30.00 0.00
857 30.00 0.00
858 30.00 0.00
859 30.00 0.00
860 30.00 0.00
861 30.00 0.00
862 30.00 0.00
863 30.00 0.00
864 30.00 0.00
865 30.00 0.00
866 30.00 0.00
867 30.00 0.00
868 30.00 0.00
869 30.00 0.00
870 30.00 0.00
871 30.00 0.00
872 30.00 0.00
873 30.00 0.00
874 30.00 0.00
875 30.00 0.00
876 30.00 0.00
877 30.00 0.00
878 30.00 0.00
879 30.00 0.00
880 30.00 0.00
881 30.00 0.00
882 30.00 0.00
883 30.00 0.00
884 30.00 0.00
885 30.00 0.00
886 30.00 0.00
887 30.00 0.00
888 30.00 0.00
889 30.00 0.00
890 30.00 0.00
891 30.00 0.00
892 30.00 0.00
893 30.00 0.00
894 30.00 0.00
895 30.00 0.00
896 30.00 0.00
897 30.00 0.00
898 30.00 0.00
899 30.00 0.00
900 30.00 0.00
901 30.00 0.00
902 30.00 0.00
903 30.00 0.00
904 30.00 0.00
905 30.00 0.00
906 30.00 0.00
907 30.00 0.00
908 30.00 0.00
909 30.00 0.00
910 30.00 0.00
911 30.00 0.00
912 30.00 0.00
913 30.00 0.00
914 30.00 0.00
915 30.00 0.00
916 30.00 0.00
917 30.00 0.00
918 30.00 0.00
919 30.00 0.00
920 30.00 0.00
921 30.00 0.00
922 30.00 0.00
923 30.00 0.00
924 30.00 0.00
925 30.00 0.00
926 30.00 0.00
927 30.00 0.00
928 30.00 0.00
929 30.00 0.00
930 30.00 0.00
931 30.00 0.00
932 30.00 0.00
933 30.00 0.00
934 30.00 0.00
935 30.00 0.00
936 30.00 0.00
937 30.00 0.00
938 30.00 0.00
939 30.00 0.00
940 30.00 0.00
941 30.00 0.00
942 30.00 0.00
943 30.00 0.00
944 30.00 0.00
945 30.00 0.00
946 30.00 0.00
947 30.00 0.00
948 30.00 0.00
949 30.00 0.00
950 30.00 0.00
951 30.00 0.00
952 30.00 0.00
953 30.00 0.00
954 30.00 0.00
955 30.00 0.00
956 30.00 0.00
957 30.00 0.00
958 30.00 0.00
959 30.00 0.00
960 30.00 0.00
961 30.00 0.00
962 30.00 0.00
963 30.00 0.00
964 30.00 0.00
965 30.00 0.00
966 30.00 0.00
967 30.00 0.00
968 30.00 0.00
969 30.00 0.00
970 30.00 0.00
971 30.00 0.00
972 30.00 0.00
973 30.00 0.00
974 30.00 0.00
975 30.00 0.00
976 30.00 0.00
977 30.00 0.00
978 30.00 0.00
979 30.00 0.00
980 30.00 0.00
981 30.00 0.00
982 30.00 0.00
983 30.00 0.00
984 30.00 0.00
985 30.00 0.00
986 30.00 0.00
987 30.00 0.00
988 30.00 0.00
989 30.00 0.00
990 30.00 0.00
991 30.00 0.00
992 30.00 0.00
993 30.00 0.00
994 30.00 0.00
995 30.00 0.00
996 30.00 0.00
997 30.00 0.00
998 30.00 0.00
999 30.00 0.00
1000 30.00 0.00
1001 30.00 0.00
1002 30.00 0.00
1003 30.00 0.00
1004 30.00 0.00
1005 30.00 0.00
1006 30.00 0.00
1007 30.00 0.00
1008 30.00 0.00
1009 30.00 0.00
1010 30.00 0.00
1011 30.00 0.00
1012 30.00 0.00
1013 30.00 0.00
1014 30.00 0.00
1015 30.00 0.00
1016 30.00 0.00
1017 30.00 0.00
1018 30.00 0.00
1019 30.00 0.00
1020 30.00 0.00
1021 30.00 0.00
1022 30.00 0.00
1023 30.00 0.00
1024 30.00 0.00
1025 30.00 0.00
1026 30.00 0.00
1027 30.00 0.00
1028 30.00 0.00
1029 30.00 0.00
1030 30.00 0.00
1031 30.00 0.00
1032 30.00 0.00
1033 30.00 0.00
1034 30.00 0.00
1035 30.00 0.00
1036 30.00 0.00
1037 30.00 0.00
1038 30.00 0.00
1039 30.00 0.00
1040 30.00 0.00
1041 30.00 0.00
1042 30.00 0.00
1043 30.00 0.00
1044 30.00 0.00
1045 30.00 0.00
1046 30.00 0.00
1047 30.00 0.00
1048 30.00 0.00
1049 30.00 0.00
1050 30.00 0.00
1051 30.00 0.00
1052 30.00 0.00
1053 30.00 0.00
1054 30.00 0.00
1055 30.00 0.00
1056 30.00 0.00
1057 30.00 0.00
1058 30.00 0.00
1059 30.00 0.00
1060 30.00 0.00
1061 30.00 0.00
1062 30.00 0.00
1063 30.00 0.00
1064 30.00 0.00
1065 30.00 0.00
1066 30.00 0.00
1067 30.00 0.00
1068 30.00 0.00
1069 30.00 0.00
1070 30.00 0.00
1071 30.00 0.00
1072 30.00 0.00
1073 30.00 0.00
1074 30.00 0.00
1075 30.00 0.00
1076 30.00 0.00
1077 30.00 0.00
1078 30.00 0.00
1079 30.00 0.00
1080 30.00 0.00
1081 30.00 0.00
1082 30.00 0.00
1083 30.00 0.00
1084 30.00 0.00
1085 30.00 0.00
1086 30.00 0.00
1087 30.00 0.00
1088 30.00 0.00
1089 30.00 0.00
1090 30.00 0.00
1091 30.00 0.00
1092 30.00 0.00
1093 30.00 0.00
1094 30.00 0.00
1095 30.00 0.00
1096 30.00 0.00
1097 30.00 0.00
1098 30.00 0.00
1099 30.00 0.00
1100 30.00 0.00
1101 30.00 0.00
1102 30.00 0.00
1103 30.00 0.00
1104 30.00 0.00
1105 30.00 0.00
1106 30.00 0.00
1107 30.00 0.00
1108 30.00 0.00
1109 30.00 0.00
1110 30.00 0.00
1111 30.00 0.00
1112 30.00 0.00
1113 30.00 0.00
1114 30.00 0.00
1115 30.00 0.00
1116 30.00 0.00
1117 30.00 0.00
1118 30.00 0.00
1119 30.00 0.00
1120 30.00 0.00
1121 30.00 0.00
1122 30.00 0.00
1123 30.00 0.00
1124 30.00 0.00
1125 30.00 0.00
1126 30.00 0.00
1127 30.00 0.00
1128 30.00 0.00
1129 30.00 0.00
1130 30.00 0.00
1131 30.00 0.00
1132 30.00 0.00
1133 30.00 0.00
1134 30.00 0.00
1135 30.00 0.00
1136 30.00 0.00
1137 30.00 0.00
1138 30.00 0.00
1139 30.00 0.00
1140 30.00 0.00
1141 30.00 0.00
1142 30.00 0.00
1143 30.00 0.00
1144 30.00 0.00
1145 30.00 0.00
1146 30.00 0.00
1147 30.00 0.00
1148 30.00 0.00
1149 30.00 0.00
1150 30.00 0.00
1151 30.00 0.00
1152 30.00 0.00
1153 30.00 0.00
1154 30.00 0.00
1155 30.00 0.00
1156 30.00 0.00
1157 30.00 0.00
1158 30.00 0.00
1159 30.00 0.00
1160 30.00 0.00
1161 30.00 0.00
1162 30.00 0.00
1163 30.00 0.00
1164 30.00 0.00
1165 30.00 0.00
1166 30.00 0.00
1167 30.00 0.00
1168 30.00 0.00
1169 30.00 0.00
1170 30.00 0.00
1171 30.00 0.00
1172 30.00 0.00
1173 30.00 0.00
1174 30.00 0.00
1175 30.00 0.00
1176 30.00 0.00
1177 30.00 0.00
1178 30.00 0.00
1179 30.00 0.00
1180 30.00 0.00
1181 30.00 0.00
1182 30.00 0.00
1183 30.00 0.00
1184 30.00 0.00
1185 30.00 0.00
1186 30.00 0.00
1187 30.00 0.00
1188 30.00 0.00
1189 30.00 0.00
1190 30.00 0.00
1191 30.00 0.00
1192 30.00 0.00
1193 30.00 0.00
1194 30.00 0.00
1195 30.00 0.00
1196 30.00 0.00
1197 30.00 0.00
1198 30.00 0.00
1199 30.00 0.00
1200 30.00 0.00
1201 30.00 0.00
1202 30.00 0.00
1203 30.00 0.00
1204 30.00 0.00
1205 30.00 0.00
1206 30.00 0.00
1207 30.00 0.00
1208 30.00 0.00
1209 30.00 0.00
1210 30.00 0.00
1211 30.00 0.00
1212 30.00 0.00
1213 30.00 0.00
1214 30.00 0.00
1215 30.00 0.00
1216 30.00 0.00
1217 30.00 0.00
1218 30.00 0.00
1219 30.00 0.00
1220 30.00 0.00
1221 30.00 0.00
1222 30.00 0.00
1223 30.00 0.00
1224 30.00 0.00
1225 30.00 0.00
1226 30.00 0.00
1227 30.00 0.00
1228 30.00 0.00
1229 30.00 0.00
1230 30.00 0.00
1231 30.00 0.00
1232 30.00 0.00
1233 30.00 0.00
1234 30.00 0.00
1235 30.00 0.00
1236 30.00 0.00
1237 30.00 0.00
1238 30.00 0.00
1239 30.00 0.00
1240 30.00 0.00
1241 30.00 0.00
1242 30.00 0.00
1243 30.00 0.00
1244 30.00 0.00
1245 30.00 0.00
1246 30.00 0.00
1247 30.00 0.00
1248 30.00 0.00
1249 30.00 0.00
1250 30.00 0.00
1251 30.00 0.00
1252 30.00 0.00
1253 30.00 0.00
1254 30.00 0.00
1255 30.00 0.00
1256 30.00 0.00
1257 30.00 0.00
1258 30.00 0.00
1259 30.00 0.00
1260 30.00 0.00
1261 30.00 0.00
1262 30.00 0.00
1263 30.00 0.00
1264 30.00 0.00
1265 30.00 0.00
1266 30.00 0.00
1267 30.00 0.00
1268 30.00 0.00
1269 30.00 0.00
1270 30.00 0.00
1271 30.00 0.00
1272 30.00 0.00
1273 30.00 0.00
1274 30.00 0.00
1275 30.00 0.00
1276 30.00 0.00
1277 30.00 0.00
1278 30.00 0.00
1279 30.00 0.00
1280 30.00 0.00
1281 30.00 0.00
1282 30.00 0.00
1283 30.00 0.00
1284 30.00 0.00
1285 30.00 0.00
1286 30.00 0.00
1287 30.00 0.00
1288 30.00 0.00
1289 30.00 0.00
1290 30.00 0.00
1291 30.00 0.00
1292 30.00 0.00
1293 30.00 0.00
1294 30.00 0.00
1295 30.00 0.00
1296 30.00 0.00
1297 30.00 0.00
1298 30.00 0.00
1299 30.00 0.00
1300 30.00 0.00
1301 30.00 0.00
1302 30.00 0.00
1303 30.00 0.00
1304 30.00 0.00
1305 30.00 0.00
1306 30.00 0.00
1307 30.00 0.00
1308 30.00 0.00
1309 30.00 0.00
1310 30.00 0.00
1311 30.00 0.00
1312 30.00 0.00
1313 30.00 0.00
1314 30.00 0.00
1315 30.00 0.00
1316 30.00 0.00
1317 30.00 0.00
1318 30.00 0.00
1319 30.00 0.00
1320 30.00 0.00
1321 30.00 0.00
1322 30.00 0.00
1323 30.00 0.00
1324 30.00 0.00
1325 30.00 0.00
1326 30.00 0.00
1327 30.00 0.00
1328 30.00 0.00
1329 30.00 0.00
1330 30.00 0.00
1331 30.00 0.00
1332 30.00 0.00
1333 30.00 0.00
1334 30.00 0.00
1335 30.00 0.00
1336 30.00 0.00
1337 30.00 0.00
1338 30.00 0.00
1339 30.00 0.00
1340 30.00 0.00
1341 30.00 0.00
1342 30.00 0.00
1343 30.00 0.00
1344 30.00 0.00
1345 30.00 0.00
1346 30.00 0.00
1347 30.00 0.00
1348 30.00 0.00
1349 30.00 0.00
1350 30.00 0.00
1351 30.00 0.00
1352 30.00 0.00
1353 30.00 0.00
1354 30.00 0.00
1355 30.00 0.00
1356 30.00 0.00
1357 30.00 0.00
1358 30.00 0.00
1359 30.00 0.00
1360 30.00 0.00
1361 30.00 0.00
1362 30.00 0.00
1363 30.00 0.00
1364 30.00 0.00
1365 30.00 0.00
1366 30.00 0.00
1367 30.00 0.00
1368 30.00 0.00
1369 30.00 0.00
1370 30.00 0.00
1371 30.00 0.00
1372 30.00 0.00
1373 30.00 0.00
1374 30.00 0.00
1375 30.00 0.00
1376 30.00 0.00
1377 30.00 0.00
1378 30.00 0.00
1379 30.00 0.00
1380 30.00 0.00
1381 30.00 0.00
1382 30.00 0.00
1383 30.00 0.00
1384 30.00 0.00
1385 30.00 0.00
1386 30.00 0.00
1387 30.00 0.00
1388 30.00 0.00
1389 30.00 0.00
1390 30.00 0.00
1391 30.00 0.00
1392 30.00 0.00
1393 30.00 0.00
1394 30.00 0.00
1395 30.00 0.00
1396 30.00 0.00
1397 30.00 0.00
1398 30.00 0.00
1399 30.00 0.00
1400 30.00 0.00
1401 30.00 0.00
1402 30.00 0.00
1403 30.00 0.00
1404 30.00 0.00
1405 30.00 0.00
1406 30.00 0.00
1407 30.00 0.00
1408 30.00 0.00
1409 30.00 0.00
1410 30.00 0.00
1411 30.00 0.00
1412 30.00 0.00
1413 30.00 0.00
1414 30.00 0.00
1415 30.00 0.00
1416 30.00 0.00
1417 30.00 0.00
1418 30.00 0.00
1419 30.00 0.00
1420 30.00 0.00
1421 30.00 0.00
1422 30.00 0.00
1423 30.00 0.00
1424 30.00 0.00
1425 30.00 0.00
1426 30.00 0.00
1427 30.00 0.00
1428 30.00 0.00
1429 30.00 0.00
1430 30.00 0.00
1431 30.00 0.00
1432 30.00 0.00
1433 30.00 0.00
1434 30.00 0.00
1435 30.00 0.00
1436 30.00 0.00
1437 30.00 0.00
1438 30.00 0.00
1439 30.00 0.00
1440 30.00 0.00
1441 30.00 0.00
1442 30.00 0.00
1443 30.00 0.00
1444 30.00 0.00
1445 30.00 0.00
1446 30.00 0.00
1447 30.00 0.00
1448 30.00 0.00
1449 30.00 0.00
1450 30.00 0.00
1451 30.00 0.00
1452 30.00 0.00
1453 30.00 0.00
1454 30.00 0.00
1455 30.00 0.00
1456 30.00 0.00
1457 30.00 0.00
1458 30.00 0.00
1459 30.00 0.00
1460 30.00 0.00
1461 30.00 0.00
1462 30.00 0.00
1463 30.00 0.00
1464 30.00 0.00
1465 30.00 0.00
1466 30.00 0.00
1467 30.00 0.00
1468 30.00 0.00
1469 30.00 0.00
1470 30.00 0.00
1471 30.00 0.00
1472 30.00 0.00
1473 30.00 0.00
1474 30.00 0.00
1475 30.00 0.00
1476 30.00 0.00
1477 30.00 0.00
1478 30.00 0.00
1479 30.00 0.00
1480 30.00 0.00
1481 30.00 0.00
1482 30.00 0.00
1483 30.00 0.00
1484 30.00 0.00
1485 30.00 0.00
1486 30.00 0.00
1487 30.00 0.00
1488 30.00 0.00
1489 30.00 0.00
1490 30.00 0.00
1491 30.00 0.00
1492 30.00 0.00
1493 30.00 0.00
1494 30.00 0.00
1495 30.00 0.00
1496 30.00 0.00
1497 30.00 0.00
1498 30.00 0.00
1499 30.00 0.00
1500 30.00 0.00
1501 30.00 0.00
1502 30.00 0.00
1503 30.00 0.00
1504 30.00 0.00
1505 30.00 0.00
1506 30.00 0.00
1507 30.00 0.00
1508 30.00 0.00
1509 30.00 0.00
1510 30.00 0.00
1511 30.00 0.00
1512 30.00 0.00
1513 30.00 0.00
1514 30.00 0.00
1515 30.00 0.00
1516 30.00 0.00
1517 30.00 0.00
1518 30.00 0.00
1519 30.00 0.00
1520 30.00 0.00
1521 30.00 0.00
1522 30.00 0.00
1523 30.00 0.00
1524 30.00 0.00
1525 30.00 0.00
1526 30.00 0.00
1527 30.00 0.00
1528 30.00 0.00
1529 30.00 0.00
1530 30.00 0.00
1531 30.00 0.00
1532 30.00 0.00
1533 30.00 0.00
1534 30.00 0.00
1535 30.00 0.00
1536 30.00 0.00
1537 30.00 0.00
1538 30.00 0.00
1539 30.00 0.00
1540 30.00 0.00
1541 30.00 0.00
1542 30.00 0.00
1543 30.00 0.00
1544 30.00 0.00
1545 30.00 0.00
1546 30.00 0.00
1547 30.00 0.00
1548 30.00 0.00
1549 30.00 0.00
1550 30.00 0.00
1551 30.00 0.00
1552 30.00 0.00
1553 30.00 0.00
1554 30.00 0.00
1555 30.00 0.00
1556 30.00 0.00
1557 30.00 0.00
1558 30.00 0.00
1559 30.00 0.00
1560 30.00 0.00
1561 30.00 0.00
1562 30.00 0.00
1563 30.00 0.00
1564 30.00 0.00
1565 30.00 0.00
1566 30.00 0.00
1567 30.00 0.00
1568 30.00 0.00
1569 30.00 0.00
1570 30.00 0.00
1571 30.00 0.00
1572 30.00 0.00
1573 30.00 0.00
1574 30.00 0.00
1575 30.00 0.00
1576 30.00 0.00
1577 30.00 0.00
1578 30.00 0.00
1579 30.00 0.00
1580 30.00 0.00
1581 30.00 0.00
1582 30.00 0.00
1583 30.00 0.00
1584 30.00 0.00
1585 30.00 0.00
1586 30.00 0.00
1587 30.00 0.00
1588 30.00 0.00
1589 30.00 0.00
1590 30.00 0.00
1591 30.00 0.00
1592 30.00 0.00
1593 30.00 0.00
1594 30.00 0.00
1595 30.00 0.00
1596 30.00 0.00
1597 30.00 0.00
1598 30.00 0.00
1599 30.00 0.00
1600 30.00 0.00
1601 30.00 0.00
1602 30.00 0.00
1603 30.00 0.00
1604 30.00 0.00
1605 30.00 0.00
1606 30.00 0.00
1607 30.00 0.00
1608 30.00 0.00
1609 30.00 0.00
1610 30.00 0.00
1611 30.00 0.00
1612 30.00 0.00
1613 30.00 0.00
1614 30.00 0.00
1615 30.00 0.00
1616 30.00 0.00
1617 30.00 0.00
1618 30.00 0.00
1619 30.00 0.00
1620 30.00 0.00
1621 30.00 0.00
1622 30.00 0.00
1623 30.00 0.00
1624 30.00 0.00
1625 30.00 0.00
1626 30.00 0.00
1627 30.00 0.00
1628 30.00 0.00
1629 30.00 0.00
1630 30.00 0.00
1631 30.00 0.00
1632 30.00 0.00
1633 30.00 0.00
1634 30.00 0.00
1635 30.00 0.00
1636 30.00 0.00
1637 30.00 0.00
1638 30.00 0.00
1639 30.00 0.00
1640 30.00 0.00
1641 30.00 0.00
1642 30.00 0.00
1643 30.00 0.00
1644 30.00 0.00
1645 30.00 0.00
1646 30.00 0.00
1647 30.00 0.00
1648 30.00 0.00
1649 30.00 0.00
1650 30.00 0.00
1651 30.00 0.00
1652 30.00 0.00
1653 30.00 0.00
1654 30.00 0.00
1655 30.00 0.00
1656 30.00 0.00
1657 30.00 0.00
1658 30.00 0.00
1659 30.00 0.00
1660 30.00 0.00
1661 30.00 0.00
1662 30.00 0.00
1663 30.00 0.00
1664 30.00 0.00
1665 30.00 0.00
1666 30.00 0.00
1667 30.00 0.00
1668 30.00 0.00
1669 30.00 0.00
1670 30.00 0.00
1671 30.00 0.00
1672 30.00 0.00
1673 30.00 0.00
1674 30.00 0.00
1675 30.00 0.00
1676 30.00 0.00
1677 30.00 0.00
1678 30.00 0.00
1679 30.00 0.00
1680 30.00 0.00
1681 30.00 0.00
1682 30.00 0.00
1683 30.00 0.00
1684 30.00 0.00
1685 30.00 0.00
1686 30.00 0.00
1687 30.00 0.00
1688 30.00 0.00
1689 30.00 0.00
1690 30.00 0.00
1691 30.00 0.00
1692 30.00 0.00
1693 30.00 0.00
1694 30.00 0.00
1695 30.00 0.00
1696 30.00 0.00
1697 30.00 0.00
1698 30.00 0.00
1699 30.00 0.00
1700 30.00 0.00
1701 30.00 0.00
1702 30.00 0.00
1703 30.00 0.00
1704 30.00 0.00
1705 30.00 0.00
1706 30.00 0.00
1707 30.00 0.00
1708 30.00 0.00
1709 30.00 0.00
1710 30.00 0.00
1711 30.00 0.00
1712 30.00 0.00
1713 30.00 0.00
1714 30.00 0.00
1715 30.00 0.00
1716 30.00 0.00
1717 30.00 0.00
1718 30.00 0.00
1719 30.00 0.00
1720 30.00 0.00
1721 30.00 0.00
1722 30.00 0.00
1723 30.00 0.00
1724 30.00 0.00
1725 30.00 0.00
1726 30.00 0.00
1727 30.00 0.00
1728 30.00 0.00
1729 30.00 0.00
1730 30.00 0.00
1731 30.00 0.00
1732 30.00 0.00
1733 30.00 0.00
1734 30.00 0.00
1735 30.00 0.00
1736 30.00 0.00
1737 30.00 0.00
1738 30.00 0.00
1739 30.00 0.00
1740 30.00 0.00
1741 30.00 0.00
1742 30.00 0.00
1743 30.00 0.00
1744 30.00 0.00
1745 30.00 0.00
1746 30.00 0.00
1747 30.00 0.00
1748 30.00 0.00
1749 30.00 0.00
1750 30.00 0.00
1751 30.00 0.00
1752 30.00 0.00
1753 30.00 0.00
1754 30.00 0.00
1755 30.00 0.00
1756 30.00 0.00
1757 30.00 0.00
1758 30.00 0.00
1759 30.00 0.00
1760 30.00 0.00
1761 30.00 0.00
1762 30.00 0.00
1763 30.00 0.00
1764 30.00 0.00
1765 30.00 0.00
1766 30.00 0.00
1767 30.00 0.00
1768 30.00 0.00
1769 30.00 0.00
1770 30.00 0.00
1771 30.00 0.00
1772 30.00 0.00
1773 30.00 0.00
1774 30.00 0.00
1775 30.00 0.00
1776 30.00 0.00
1777 30.00 0.00
1778 30.00 0.00
1779 30.00 0.00
1780 30.00 0.00
1781 30.00 0.00
1782 30.00 0.00
1783 30.00 0.00
1784 30.00 0.00
1785 30.00 0.00
1786 30.00 0.00
1787 30.00 0.00
1788 30.00 0.00
1789 30.00 0.00
1790 30.00 0.00
1791 30.00 0.00
1792 30.00 0.00
1793 30.00 0.00
1794 30.00 0.00
1795 30.00 0.00
1796 30.00 0.00
1797 30.00 0.00
1798 30.00 0.00
1799 30.00 0.00
1800 30.00 0.00
1801 30.00 0.00
1802 30.00 0.00
1803 30.00 0.00
1804 30.00 0.00
1805 30.00 0.00
1806 30.00 0.00
1807 30.00 0.00
1808 30.00 0.00
1809 30.00 0.00
1810 30.00 0.00
1811 30.00 0.00
1812 30.00 0.00
1813 30.00 0.00
1814 30.00 0.00
1815 30.00 0.00
1816 30.00 0.00
1817 30.00 0.00
1818 30.00 0.00
1819 30.00 0.00
1820 30.00 0.00
1821 30.00 0.00
1822 30.00 0.00
1823 30.00 0.00
1824 30.00 0.00
1825 30.00 0.00
1826 30.00 0.00
1827 30.00 0.00
1828 30.00 0.00
1829 30.00 0.00
1830 30.00 0.00
1831 30.00 0.00
1832 30.00 0.00
1833 30.00 0.00
1834 30.00 0.00
1835 30.00 0.00
1836 30.00 0.00
1837 30.00 0.00
1838 30.00 0.00
1839 30.00 0.00
1840 30.00 0.00
1841 30.00 0.00
1842 30.00 0.00
1843 30.00 0.00
1844 30.00 0.00
1845 30.00 0.00
1846 30.00 0.00
1847 30.00 0.00
1848 30.00 0.00
1849 30.00 0.00
1850 30.00 0.00
1851 30.00 0.00
1852 30.00 0.00
1853 30.00 0.00
1854 30.00 0.00
1855 30.00 0.00
1856 30.00 0.00
1857 30.00 0.00
1858 30.00 0.00
1859 30.00 0.00
1860 30.00 0.00
1861 30.00 0.00
1862 30.00 0.00
1863 30.00 0.00
1864 30.00 0.00
1865 30.00 0.00
1866 30.00 0.00
1867 30.00 0.00
1868 30.00 0.00
1869 30.00 0.00
1870 30.00 0.00
1871 30.00 0.00
1872 30.00 0.00
1873 30.00 0.00
1874 30.00 0.00
1875 30.00 0.00
1876 30.00 0.00
1877 30.00 0.00
1878 30.00 0.00
1879 30.00 0.00
1880 30.00 0.00
1881 30.00 0.00
1882 30.00 0.00
1883 30.00 0.00
1884 30.00 0.00
1885 30.00 0.00
1886 30.00 0.00
1887 30.00 0.00
1888 30.00 0.00
1889 30.00 0.00
1890 30.00 0.00
1891 30.00 0.00
1892 30.00 0.00
1893 30.00 0.00
1894 30.00 0.00
1895 30.00 0.00
1896 30.00 0.00
1897 30.00 0.00
1898 30.00 0.00
1899 30.00 0.00
1900 30.00 0.00
1901 30.00 0.00
1902 30.00 0.00
1903 30.00 0.00
1904 30.00 0.00
1905 30.00 0.00
1906 30.00 0.00
1907 30.00 0.00
1908 30.00 0.00
1909 30.00 0.00
1910 30.00 0.00
1911 30.00 0.00
1912 30.00 0.00
1913 30.00 0.00
1914 30.00 0.00
1915 30.00 0.00
1916 30.00 0.00
1917 30.00 0.00
1918 30.00 0.00
1919 30.00 0.00
1920 30.00 0.00
1921 30.00 0.00
1922 30.00 0.00
1923 30.00 0.00
1924 30.00 0.00
1925 30.00 0.00
1926 30.00 0.00
1927 30.00 0.00
1928 30.00 0.00
1929 30.00 0.00
1930 30.00 0.00
1931 30.00 0.00
1932 30.00 0.00
1933 30.00 0.00
1934 30.00 0.00
1935 30.00 0.00
1936 30.00 0.00
1937 30.00 0.00
1938 30.00 0.00
1939 30.00 0.00
1940 30.00 0.00
1941 30.00 0.00
1942 30.00 0.00
1943 30.00 0.00
1944 30.00 0.00
1945 30.00 0.00
1946 30.00 0.00
1947 30.00 0.00
1948 30.00 0.00
1949 30.00 0.00
1950 30.00 0.00
1951 30.00 0.00
1952 30.00 0.00
1953 30.00 0.00
1954 30.00 0.00
1955 30.00 0.00
1956 30.00 0.00
1957 30.00 0.00
1958 30.00 0.00
1959 30.00 0.00
1960 30.00 0.00
1961 30.00 0.00
1962 30.00 0.00
1963 30.00 0.00
1964 30.00 0.00
1965 30.00 0.00
1966 30.00 0.00
1967 30.00 0.00
1968 30.00 0.00
1969 30.00 0.00
1970 30.00 0.00
1971 30.00 0.00
1972 30.00 0.00
1973 30.00 0.00
1974 30.00 0.00
1975 30.00 0.00
1976 30.00 0.00
1977 30.00 0.00
1978 30.00 0.00
1979 30.00 0.00
1980 30.00 0.00
1981 30.00 0.00
1982 30.00 0.00
1983 30.00 0.00
1984 30.00 0.00
1985 30.00 0.00
1986 30.00 0.00
1987 30.00 0.00
1988 30.00 0.00
1989 30.00 0.00
1990 30.00 0.00
1991 30.00 0.00
1992 30.00 0.00
1993 30.00 0.00
1994 30.00 0.00
1995 30.00 0.00
1996 30.00 0.00
1997 30.00 0.00
1998 30.00 0.00
