0 0.00 0.00 3.00
1 0.00 0.00 3.00
2 0.00 0.00 3.00
3 0.00 0.00 3.00
4 0.00 0.00 3.00
5 0.00 0.00 3.00
6 0.00 0.00 3.00
7 0.00 0.00 3.00
8 0.00 0.00 3.00
9 0.00 0.00 3.00
10 0.00 0.00 3.00
11 0.00 0.00 3.00
12 0.00 0.00 3.00
13 0.00 0.00 3.00
14 0.00 0.00 3.00
15 25.66 0.00 3.00
16 25.66 0.00 3.00
17 25.66 0.00 3.00
18 25.66 0.00 3.00
19 25.66 0.00 3.00
20 25.66 0.00 3.00
21 25.66 0.00 3.00
22 25.66 0.00 3.00
23 25.66 0.00 3.00
24 25.66 0.00 3.00
25 25.66 0.00 3.00
26 25.66 0.00 3.00
27 25.66 0.00 3.00
28 25.66 0.00 3.00
29 25.66 0.00 3.00
30 25.66 0.00 3.00
31 25.66 0.00 3.00
32 25.66 0.00 3.00
33 25.66 0.00 3.00
34 25.66 0.00 3.00
35 25.66 0.00 3.00
36 25.66 0.00 3.00
37 25.66 0.00 3.00
38 25.66 0.00 3.00
39 25.66 0.00 3.00
40 25.66 0.00 3.00
41 25.66 0.00 3.00
42 25.66 0.00 3.00
43 25.66 0.00 3.00
44 25.66 0.00 3.00
45 25.66 0.00 3.00
46 25.66 0.00 3.00
47 25.66 0.00 3.00
48 25.66 0.00 3.00
49 25.66 0.00 3.00
50 25.66 0.00 3.00
51 25.66 0.00 3.00
52 25.66 0.00 3.00
53 25.66 0.00 3.00
54 25.66 0.00 3.00
55 25.66 0.00 3.00
56 25.66 0.00 3.00
57 25.66 0.00 3.00
58 25.66 0.00 3.00
59 25.66 0.00 3.00
60 25.66 0.00 3.00
61 25.66 0.00 3.00
62 25.66 0.00 3.00
63 25.66 0.00 3.00
64 25.66 0.00 3.00
65 25.66 0.00 3.00
66 25.66 0.00 3.00
67 25.66 0.00 3.00
68 25.66 0.00 3.00
69 25.66 0.00 3.00
70 25.66 0.00 3.00
71 25.66 0.00 3.00
72 25.66 0.00 3.00
73 25.66 0.00 3.00
74 25.66 0.00 3.00
75 25.66 0.00 3.00
76 25.66 0.00 3.00
77 25.66 0.00 3.00
78 25.66 0.00 3.00
79 76.05 0.00 3.00
80 76.05 0.00 3.00
81 76.05 0.00 3.00
82 76.05 0.00 3.00
83 76.05 0.00 3.00
84 76.05 0.00 3.00
85 76.05 0.00 3.00
86 76.05 0.00 3.00
87 76.05 0.00 3.00
88 76.05 0.00 3.00
89 76.05 0.00 3.00
90 76.05 0.00 3.00
91 76.05 0.00 3.00
92 76.05 0.00 3.00
93 76.05 0.00 3.00
94 76.05 0.00 3.00
95 76.05 0.00 3.00
96 76.05 0.00 3.00
97 76.05 0.00 3.00
98 76.05 0.00 3.00
99 76.05 0.00 3.00
100 76.05 0.00 3.00
101 76.05 0.00 3.00
102 76.05 0.00 3.00
103 76.05 0.00 3.00
104 76.05 0.00 3.00
105 76.05 0.00 3.00
106 76.05 0.00 3.00
107 76.05 0.00 3.00
108 76.05 0.00 3.00
109 76.05 0.00 3.00
110 76.05 0.00 3.00
111 76.05 0.00 3.00
112 76.05 0.00 3.00
113 76.05 0.00 3.00
114 76.05 0.00 3.00
115 76.05 0.00 3.00
116 76.05 0.00 3.00
117 76.05 0.00 3.00
118 76.05 0.00 3.00
119 76.05 0.00 3.00
120 76.05 0.00 3.00
121 76.05 0.00 3.00
122 76.05 0.00 3.00
123 76.05 0.00 3.00
124 76.05 0.00 3.00
125 76.05 0.00 3.00
126 76.05 0.00 3.00
127 76.05 0.00 3.00
128 76.05 0.00 3.00
129 76.05 0.00 3.00
130 76.05 0.00 3.00
131 76.05 0.00 3.00
132 76.05 0.00 3.00
133 76.05 0.00 3.00
134 76.05 0.00 3.00
135 76.05 0.00 3.00
136 76.05 0.00 3.00
137 76.05 0.00 3.00
138 76.05 0.00 3.00
139 76.05 0.00 3.00
140 76.05 0.00 3.00
141 76.05 0.00 3.00
142 76.05 0.00 3.00
143 76.05 0.00 3.00
144 76.05 0.00 3.00
145 76.05 0.00 3.00
146 76.05 0.00 3.00
147 76.05 0.00 3.00
148 76.05 0.00 3.00
149 76.05 0.00 3.00
150 76.05 0.00 3.00
151 76.05 0.00 3.00
152 76.05 0.00 3.00
153 76.05 0.00 3.00
154 76.05 0.00 3.00
155 76.05 0.00 3.00
156 76.05 0.00 3.00
157 76.05 0.00 3.00
158 76.05 0.00 3.00
159 76.05 0.00 3.00
160 76.05 0.00 3.00
161 76.05 0.00 3.00
162 130.44 0.00 3.00
163 130.44 0.00 3.00
164 130.44 0.00 3.00
165 130.44 0.00 3.00
166 130.44 0.00 3.00
167 130.44 0.00 3.00
168 130.44 0.00 3.00
169 130.44 0.00 3.00
170 130.44 0.00 3.00
171 130.44 0.00 3.00
172 130.44 0.00 3.00
173 130.44 0.00 3.00
174 130.44 0.00 3.00
175 130.44 0.00 3.00
176 130.44 0.00 3.00
177 130.44 0.00 3.00
178 130.44 0.00 3.00
179 130.44 0.00 3.00
180 130.44 0.00 3.00
181 130.44 0.00 3.00
182 130.44 0.00 3.00
183 130.44 0.00 3.00
184 130.44 0.00 3.00
185 130.44 0.00 3.00
186 130.44 0.00 3.00
187 130.44 0.00 3.00
188 130.44 0.00 3.00
189 130.44 0.00 3.00
190 130.44 0.00 3.00
191 130.44 0.00 3.00
192 130.44 0.00 3.00
193 130.44 0.00 3.00
194 130.44 0.00 3.00
195 130.44 0.00 3.00
196 130.44 0.00 3.00
197 130.44 0.00 3.00
198 130.44 0.00 3.00
199 130.44 0.00 3.00
200 130.44 0.00 3.00
201 130.44 0.00 3.00
202 130.44 0.00 3.00
203 130.44 0.00 3.00
204 130.44 0.00 3.00
205 130.44 0.00 3.00
206 130.44 0.00 3.00
207 130.44 0.00 3.00
208 130.44 0.00 3.00
209 130.44 0.00 3.00
210 130.44 0.00 3.00
211 130.44 0.00 3.00
212 130.44 0.00 3.00
213 130.44 0.00 3.00
214 130.44 0.00 3.00
215 130.44 0.00 3.00
216 130.44 0.00 3.00
217 130.44 0.00 3.00
218 130.44 0.00 3.00
219 130.44 0.00 3.00
220 130.44 0.00 3.00
221 130.44 0.00 3.00
222 216.45 0.00 3.00
223 216.45 0.00 3.00
224 216.45 0.00 3.00
225 216.45 0.00 3.00
226 216.45 0.00 3.00
227 216.45 0.00 3.00
228 216.45 0.00 3.00
229 216.45 0.00 3.00
230 216.45 0.00 3.00
231 216.45 0.00 3.00
232 216.45 0.00 3.00
233 216.45 0.00 3.00
234 216.45 0.00 3.00
235 216.45 0.00 3.00
236 216.45 0.00 3.00
237 216.45 0.00 3.00
238 216.45 0.00 3.00
239 216.45 0.00 3.00
240 216.45 0.00 3.00
241 216.45 0.00 3.00
242 216.45 0.00 3.00
243 216.45 0.00 3.00
244 216.45 0.00 3.00
245 216.45 0.00 3.00
246 216.45 0.00 3.00
247 216.45 0.00 3.00
248 216.45 0.00 3.00
249 216.45 0.00 3.00
250 216.45 0.00 3.00
251 216.45 0.00 3.00
252 216.45 0.00 3.00
253 216.45 0.00 3.00
254 216.45 0.00 3.00
255 216.45 0.00 3.00
256 216.45 0.00 3.00
257 216.45 0.00 3.00
258 216.45 0.00 3.00
259 216.45 0.00 3.00
260 216.45 0.00 3.00
261 216.45 0.00 3.00
262 216.45 0.00 3.00
263 216.45 0.00 3.00
264 216.45 0.00 3.00
265 216.45 0.00 3.00
266 216.45 0.00 3.00
267 216.45 0.00 3.00
268 216.45 0.00 3.00
269 216.45 0.00 3.00
270 216.45 0.00 3.00
271 216.45 0.00 3.00
272 216.45 0.00 3.00
273 216.45 0.00 3.00
274 216.45 0.00 3.00
275 216.45 0.00 3.00
276 216.45 0.00 3.00
277 216.45 0.00 3.00
278 216.45 0.00 3.00
279 216.45 0.00 3.00
280 216.45 0.00 3.00
281 216.45 0.00 3.00
282 216.45 0.00 3.00
283 216.45 0.00 3.00
284 216.45 0.00 3.00
285 216.45 0.00 3.00
286 216.45 0.00 3.00
287 216.45 0.00 3.00
288 216.45 0.00 3.00
289 216.45 0.00 3.00
290 216.45 0.00 3.00
291 216.45 0.00 3.00
292 216.45 0.00 3.00
293 314.33 0.00 3.00
294 314.33 0.00 3.00
295 314.33 0.00 3.00
296 314.33 0.00 3.00
297 314.33 0.00 3.00
298 314.33 0.00 3.00
299 314.33 0.00 3.00
300 314.33 0.00 3.00
301 314.33 0.00 3.00
302 314.33 0.00 3.00
303 314.33 0.00 3.00
304 314.33 0.00 3.00
305 314.33 0.00 3.00
306 314.33 0.00 3.00
307 314.33 0.00 3.00
308 314.33 0.00 3.00
309 314.33 0.00 3.00
310 314.33 0.00 3.00
311 314.33 0.00 3.00
312 314.33 0.00 3.00
313 314.33 0.00 3.00
314 314.33 0.00 3.00
315 314.33 0.00 3.00
316 314.33 0.00 3.00
317 314.33 0.00 3.00
318 314.33 0.00 3.00
319 314.33 0.00 3.00
320 314.33 0.00 3.00
321 314.33 0.00 3.00
322 314.33 0.00 3.00
323 314.33 0.00 3.00
324 314.33 0.00 3.00
325 314.33 0.00 3.00
326 314.33 0.00 3.00
327 314.33 0.00 3.00
328 314.33 0.00 3.00
329 314.33 0.00 3.00
330 314.33 0.00 3.00
331 314.33 0.00 3.00
332 314.33 0.00 3.00
333 314.33 0.00 3.00
334 314.33 0.00 3.00
335 314.33 0.00 3.00
336 314.33 0.00 3.00
337 314.33 0.00 3.00
338 314.33 0.00 3.00
339 314.33 0.00 3.00
340 314.33 0.00 3.00
341 314.33 0.00 3.00
342 314.33 0.00 3.00
343 314.33 0.00 3.00
344 314.33 0.00 3.00
345 314.33 0.00 3.00
346 314.33 0.00 3.00
347 314.33 0.00 3.00
348 314.33 0.00 3.00
349 314.33 0.00 3.00
350 314.33 0.00 3.00
351 314.33 0.00 3.00
352 314.33 0.00 3.00
353 314.33 0.00 3.00
354 314.33 0.00 3.00
355 314.33 0.00 3.00
356 314.33 0.00 3.00
357 314.33 0.00 3.00
358 314.33 0.00 3.00
359 314.33 0.00 3.00
360 314.33 0.00 3.00
361 314.33 0.00 3.00
362 314.33 0.00 3.00
363 314.33 0.00 3.00
364 314.33 0.00 3.00
365 314.33 0.00 3.00
366 314.33 0.00 3.00
367 314.33 0.00 3.00
368 314.33 0.00 3.00
369 314.33 0.00 3.00
370 314.33 0.00 3.00
371 314.33 0.00 3.00
372 314.33 0.00 3.00
373 314.33 0.00 3.00
374 314.33 0.00 3.00
375 314.33 0.00 3.00
376 314.33 0.00 3.00
377 314.33 0.00 3.00
378 314.33 0.00 3.00
379 314.33 0.00 3.00
380 314.33 0.00 3.00
381 314.33 0.00 3.00
382 314.33 0.00 3.00
383 314.33 0.00 3.00
384 314.33 0.00 3.00
385 314.33 0.00 3.00
386 314.33 0.00 3.00
387 314.33 0.00 3.00
388 314.33 0.00 3.00
389 314.33 0.00 3.00
390 314.33 0.00 3.00
391 314.33 0.00 3.00
392 314.33 0.00 3.00
393 314.33 0.00 3.00
394 314.33 0.00 3.00
395 314.33 0.00 3.00
396 314.33 0.00 3.00
397 314.33 0.00 3.00
398 314.33 0.00 3.00
399 314.33 0.00 3.00
400 314.33 0.00 3.00
401 314.33 0.00 3.00
402 314.33 0.00 3.00
403 314.33 0.00 3.00
404 314.33 0.00 3.00
405 314.33 0.00 3.00
406 314.33 0.00 3.00
407 314.33 0.00 3.00
408 314.33 0.00 3.00
409 314.33 0.00 3.00
410 314.33 0.00 3.00
411 314.33 0.00 3.00
412 314.33 0.00 3.00
413 314.33 0.00 3.00
414 314.33 0.00 3.00
415 314.33 0.00 3.00
416 314.33 0.00 3.00
417 314.33 0.00 3.00
418 314.33 0.00 3.00
419 314.33 0.00 3.00
420 314.33 0.00 3.00
421 314.33 0.00 3.00
422 314.33 0.00 3.00
423 314.33 0.00 3.00
424 314.33 0.00 3.00
425 314.33 0.00 3.00
426 314.33 0.00 3.00
427 314.33 0.00 3.00
428 314.33 0.00 3.00
429 314.33 0.00 3.00
430 314.33 0.00 3.00
431 314.33 0.00 3.00
432 314.33 0.00 3.00
433 314.33 0.00 3.00
434 314.33 0.00 3.00
435 314.33 0.00 3.00
436 314.33 0.00 3.00
437 314.33 0.00 3.00
438 314.33 0.00 3.00
439 314.33 0.00 3.00
440 314.33 0.00 3.00
441 314.33 0.00 3.00
442 314.33 0.00 3.00
443 314.33 0.00 3.00
444 314.33 0.00 3.00
445 314.33 0.00 3.00
446 314.33 0.00 3.00
447 314.33 0.00 3.00
448 314.33 0.00 3.00
449 314.33 0.00 3.00
450 314.33 0.00 3.00
451 314.33 0.00 3.00
452 314.33 0.00 3.00
453 314.33 0.00 3.00
454 314.33 0.00 3.00
455 314.33 0.00 3.00
456 412.25 0.00 3.00
457 412.25 0.00 3.00
458 412.25 0.00 3.00
459 412.25 0.00 3.00
460 412.25 0.00 3.00
461 412.25 0.00 3.00
462 412.25 0.00 3.00
463 412.25 0.00 3.00
464 412.25 0.00 3.00
465 412.25 0.00 3.00
466 412.25 0.00 3.00
467 412.25 0.00 3.00
468 412.25 0.00 3.00
469 412.25 0.00 3.00
470 412.25 0.00 3.00
471 412.25 0.00 3.00
472 412.25 0.00 3.00
473 412.25 0.00 3.00
474 412.25 0.00 3.00
475 412.25 0.00 3.00
476 412.25 0.00 3.00
477 412.25 0.00 3.00
478 412.25 0.00 3.00
479 412.25 0.00 3.00
480 412.25 0.00 3.00
481 412.25 0.00 3.00
482 412.25 0.00 3.00
483 412.25 0.00 3.00
484 412.25 0.00 3.00
485 412.25 0.00 3.00
486 412.25 0.00 3.00
487 412.25 0.00 3.00
488 412.25 0.00 3.00
489 412.25 0.00 3.00
490 412.25 0.00 3.00
491 412.25 0.00 3.00
492 412.25 0.00 3.00
493 412.25 0.00 3.00
494 412.25 0.00 3.00
495 412.25 0.00 3.00
496 412.25 0.00 3.00
497 412.25 0.00 3.00
498 412.25 0.00 3.00
499 412.25 0.00 3.00
500 412.25 0.00 3.00
501 412.25 0.00 3.00
502 412.25 0.00 3.00
503 412.25 0.00 3.00
504 412.25 0.00 3.00
505 412.25 0.00 3.00
506 412.25 0.00 3.00
507 412.25 0.00 3.00
508 412.25 0.00 3.00
509 412.25 0.00 3.00
510 412.25 0.00 3.00
511 412.25 0.00 3.00
512 412.25 0.00 3.00
513 412.25 0.00 3.00
514 412.25 0.00 3.00
515 412.25 0.00 3.00
516 412.25 0.00 3.00
517 412.25 0.00 3.00
518 412.25 0.00 3.00
519 412.25 0.00 3.00
520 412.25 0.00 3.00
521 412.25 0.00 3.00
522 412.25 0.00 3.00
523 412.25 0.00 3.00
524 412.25 0.00 3.00
525 412.25 0.00 3.00
526 412.25 0.00 3.00
527 412.25 0.00 3.00
528 412.25 0.00 3.00
529 412.25 0.00 3.00
530 412.25 0.00 3.00
531 412.25 0.00 3.00
532 412.25 0.00 3.00
533 412.25 0.00 3.00
534 412.25 0.00 3.00
535 412.25 0.00 3.00
536 412.25 0.00 3.00
537 412.25 0.00 3.00
538 412.25 0.00 3.00
539 412.25 0.00 3.00
540 412.25 0.00 3.00
541 412.25 0.00 3.00
542 412.25 0.00 3.00
543 412.25 0.00 3.00
544 412.25 0.00 3.00
545 412.25 0.00 3.00
546 480.83 0.00 3.00
547 480.83 0.00 3.00
548 480.83 0.00 3.00
549 480.83 0.00 3.00
550 480.83 0.00 3.00
551 480.83 0.00 3.00
552 480.83 0.00 3.00
553 480.83 0.00 3.00
554 480.83 0.00 3.00
555 480.83 0.00 3.00
556 480.83 0.00 3.00
557 480.83 0.00 3.00
558 480.83 0.00 3.00
559 480.83 0.00 3.00
560 480.83 0.00 3.00
561 480.83 0.00 3.00
562 480.83 0.00 3.00
563 480.83 0.00 3.00
564 480.83 0.00 3.00
565 480.83 0.00 3.00
566 480.83 0.00 3.00
567 480.83 0.00 3.00
568 480.83 0.00 3.00
569 480.83 0.00 3.00
570 480.83 0.00 3.00
571 480.83 0.00 3.00
572 480.83 0.00 3.00
573 480.83 0.00 3.00
574 480.83 0.00 3.00
575 480.83 0.00 3.00
576 480.83 0.00 3.00
577 480.83 0.00 3.00
578 480.83 0.00 3.00
579 480.83 0.00 3.00
580 480.83 0.00 3.00
581 480.83 0.00 3.00
582 480.83 0.00 3.00
583 480.83 0.00 3.00
584 480.83 0.00 3.00
585 480.83 0.00 3.00
586 480.83 0.00 3.00
587 480.83 0.00 3.00
588 480.83 0.00 3.00
589 480.83 0.00 3.00
590 480.83 0.00 3.00
591 480.83 0.00 3.00
592 480.83 0.00 3.00
593 480.83 0.00 3.00
594 480.83 0.00 3.00
595 480.83 0.00 3.00
596 480.83 0.00 3.00
597 480.83 0.00 3.00
598 480.83 0.00 3.00
599 480.83 0.00 3.00
600 480.83 0.00 3.00
601 480.83 0.00 3.00
602 480.83 0.00 3.00
603 480.83 0.00 3.00
604 480.83 0.00 3.00
605 480.83 0.00 3.00
606 480.83 0.00 3.00
607 480.83 0.00 3.00
608 480.83 0.00 3.00
609 480.83 0.00 3.00
610 480.83 0.00 3.00
611 480.83 0.00 3.00
612 480.83 0.00 3.00
613 480.83 0.00 3.00
614 480.83 0.00 3.00
615 480.83 0.00 3.00
616 480.83 0.00 3.00
617 480.83 0.00 3.00
618 480.83 0.00 3.00
619 480.83 0.00 3.00
620 480.83 0.00 3.00
621 480.83 0.00 3.00
622 480.83 0.00 3.00
623 480.83 0.00 3.00
624 480.83 0.00 3.00
625 480.83 0.00 3.00
626 480.83 0.00 3.00
627 480.83 0.00 3.00
628 480.83 0.00 3.00
629 480.83 0.00 3.00
630 480.83 0.00 3.00
631 480.83 0.00 3.00
632 480.83 0.00 3.00
633 480.83 0.00 3.00
634 480.83 0.00 3.00
635 480.83 0.00 3.00
636 480.83 0.00 3.00
637 480.83 0.00 3.00
638 480.83 0.00 3.00
639 480.83 0.00 3.00
640 480.83 0.00 3.00
641 480.83 0.00 3.00
642 480.83 0.00 3.00
643 480.83 0.00 3.00
644 480.83 0.00 3.00
645 514.85 0.00 3.00
646 514.85 0.00 3.00
647 514.85 0.00 3.00
648 514.85 0.00 3.00
649 514.85 0.00 3.00
650 514.85 0.00 3.00
651 514.85 0.00 3.00
652 514.85 0.00 3.00
653 514.85 0.00 3.00
654 514.85 0.00 3.00
655 514.85 0.00 3.00
656 514.85 0.00 3.00
657 514.85 0.00 3.00
658 514.85 0.00 3.00
659 514.85 0.00 3.00
660 514.85 0.00 3.00
661 514.85 0.00 3.00
662 514.85 0.00 3.00
663 514.85 0.00 3.00
664 514.85 0.00 3.00
665 514.85 0.00 3.00
666 514.85 0.00 3.00
667 514.85 0.00 3.00
668 514.85 0.00 3.00
669 514.85 0.00 3.00
670 514.85 0.00 3.00
671 514.85 0.00 3.00
672 514.85 0.00 3.00
673 514.85 0.00 3.00
674 514.85 0.00 3.00
675 514.85 0.00 3.00
676 514.85 0.00 3.00
677 514.85 0.00 3.00
678 514.85 0.00 3.00
679 514.85 0.00 3.00
680 514.85 0.00 3.00
681 514.85 0.00 3.00
682 514.85 0.00 3.00
683 514.85 0.00 3.00
684 514.85 0.00 3.00
685 514.85 0.00 3.00
686 514.85 0.00 3.00
687 514.85 0.00 3.00
688 514.85 0.00 3.00
689 514.85 0.00 3.00
690 514.85 0.00 3.00
691 514.85 0.00 3.00
692 514.85 0.00 3.00
693 514.85 0.00 3.00
694 514.85 0.00 3.00
695 514.85 0.00 3.00
696 514.85 0.00 3.00
697 514.85 0.00 3.00
698 514.85 0.00 3.00
699 514.85 0.00 3.00
700 514.85 0.00 3.00
701 514.85 0.00 3.00
702 514.85 0.00 3.00
703 514.85 0.00 3.00
704 514.85 0.00 3.00
705 514.85 0.00 3.00
706 514.85 0.00 3.00
707 514.85 0.00 3.00
708 514.85 0.00 3.00
709 514.85 0.00 3.00
710 514.85 0.00 3.00
711 514.85 0.00 3.00
712 514.85 0.00 3.00
713 514.85 0.00 3.00
714 514.85 0.00 3.00
715 514.85 0.00 3.00
716 514.85 0.00 3.00
717 514.85 0.00 3.00
718 514.85 0.00 3.00
719 514.85 0.00 3.00
720 514.85 0.00 3.00
721 514.85 0.00 3.00
722 514.85 0.00 3.00
723 514.85 0.00 3.00
724 514.85 0.00 3.00
725 514.85 0.00 3.00
726 514.85 0.00 3.00
727 514.85 0.00 3.00
728 514.85 0.00 3.00
729 514.85 0.00 3.00
730 514.85 0.00 3.00
731 514.85 0.00 3.00
732 514.85 0.00 3.00
733 514.85 0.00 3.00
734 514.85 0.00 3.00
735 514.85 0.00 3.00
736 514.85 0.00 3.00
737 514.85 0.00 3.00
738 514.85 0.00 3.00
739 514.85 0.00 3.00
740 514.85 0.00 3.00
741 514.85 0.00 3.00
742 514.85 0.00 3.00
743 514.85 0.00 3.00
744 514.85 0.00 3.00
745 514.85 0.00 3.00
746 514.85 0.00 3.00
747 514.85 0.00 3.00
748 514.85 0.00 3.00
749 514.85 0.00 3.00
750 514.85 0.00 3.00
751 514.85 0.00 3.00
752 514.85 0.00 3.00
753 514.85 0.00 3.00
754 514.85 0.00 3.00
755 514.85 0.00 3.00
756 514.85 0.00 3.00
757 514.85 0.00 3.00
758 514.85 0.00 3.00
759 514.85 0.00 3.00
760 514.85 0.00 3.00
761 514.85 0.00 3.00
762 514.85 0.00 3.00
763 514.85 0.00 3.00
764 514.85 0.00 3.00
765 514.85 0.00 3.00
766 514.85 0.00 3.00
767 514.85 0.00 3.00
768 514.85 0.00 3.00
769 514.85 0.00 3.00
770 514.85 0.00 3.00
771 514.85 0.00 3.00
772 514.85 0.00 3.00
773 514.85 0.00 3.00
774 514.85 0.00 3.00
775 514.85 0.00 3.00
776 514.85 0.00 3.00
777 514.85 0.00 3.00
778 514.85 0.00 3.00
779 514.85 0.00 3.00
780 514.85 0.00 3.00
781 514.85 0.00 3.00
782 514.85 0.00 3.00
783 514.85 0.00 3.00
784 514.85 0.00 3.00
785 514.85 0.00 3.00
786 514.85 0.00 3.00
787 514.85 0.00 3.00
788 514.85 0.00 3.00
789 514.85 0.00 3.00
790 514.85 0.00 3.00
791 514.85 0.00 3.00
792 514.85 0.00 3.00
793 514.85 0.00 3.00
794 514.85 0.00 3.00
795 514.85 0.00 3.00
796 514.85 0.00 3.00
797 514.85 0.00 3.00
798 514.85 0.00 3.00
799 514.85 0.00 3.00
800 514.85 0.00 3.00
801 514.85 0.00 3.00
802 612.27 0.00 3.00
803 612.27 0.00 3.00
804 612.27 0.00 3.00
805 612.27 0.00 3.00
806 612.27 0.00 3.00
807 612.27 0.00 3.00
808 612.27 0.00 3.00
809 612.27 0.00 3.00
810 612.27 0.00 3.00
811 612.27 0.00 3.00
812 612.27 0.00 3.00
813 612.27 0.00 3.00
814 612.27 0.00 3.00
815 612.27 0.00 3.00
816 612.27 0.00 3.00
817 612.27 0.00 3.00
818 612.27 0.00 3.00
819 612.27 0.00 3.00
820 612.27 0.00 3.00
821 612.27 0.00 3.00
822 612.27 0.00 3.00
823 612.27 0.00 3.00
824 612.27 0.00 3.00
825 612.27 0.00 3.00
826 612.27 0.00 3.00
827 612.27 0.00 3.00
828 612.27 0.00 3.00
829 612.27 0.00 3.00
830 612.27 0.00 3.00
831 612.27 0.00 3.00
832 612.27 0.00 3.00
833 612.27 0.00 3.00
834 612.27 0.00 3.00
835 612.27 0.00 3.00
836 612.27 0.00 3.00
837 612.27 0.00 3.00
838 612.27 0.00 3.00
839 612.27 0.00 3.00
840 612.27 0.00 3.00
841 612.27 0.00 3.00
842 612.27 0.00 3.00
843 612.27 0.00 3.00
844 612.27 0.00 3.00
845 612.27 0.00 3.00
846 612.27 0.00 3.00
847 612.27 0.00 3.00
848 612.27 0.00 3.00
849 612.27 0.00 3.00
850 612.27 0.00 3.00
851 612.27 0.00 3.00
852 612.27 0.00 3.00
853 612.27 0.00 3.00
854 612.27 0.00 3.00
855 612.27 0.00 3.00
856 612.27 0.00 3.00
857 612.27 0.00 3.00
858 612.27 0.00 3.00
859 612.27 0.00 3.00
860 612.27 0.00 3.00
861 612.27 0.00 3.00
862 612.27 0.00 3.00
863 612.27 0.00 3.00
864 612.27 0.00 3.00
865 612.27 0.00 3.00
866 612.27 0.00 3.00
867 612.27 0.00 3.00
868 612.27 0.00 3.00
869 612.27 0.00 3.00
870 612.27 0.00 3.00
871 612.27 0.00 3.00
872 612.27 0.00 3.00
873 612.27 0.00 3.00
874 612.27 0.00 3.00
875 612.27 0.00 3.00
876 612.27 0.00 3.00
877 612.27 0.00 3.00
878 612.27 0.00 3.00
879 612.27 0.00 3.00
880 612.27 0.00 3.00
881 612.27 0.00 3.00
882 612.27 0.00 3.00
883 612.27 0.00 3.00
884 612.27 0.00 3.00
885 612.27 0.00 3.00
886 612.27 0.00 3.00
887 612.27 0.00 3.00
888 612.27 0.00 3.00
889 612.27 0.00 3.00
890 612.27 0.00 3.00
891 612.27 0.00 3.00
892 612.27 0.00 3.00
893 612.27 0.00 3.00
894 612.27 0.00 3.00
895 612.27 0.00 3.00
896 612.27 0.00 3.00
897 612.27 0.00 3.00
898 612.27 0.00 3.00
899 612.27 0.00 3.00
900 612.27 0.00 3.00
901 612.27 0.00 3.00
902 612.27 0.00 3.00
903 612.27 0.00 3.00
904 612.27 0.00 3.00
905 612.27 0.00 3.00
906 612.27 0.00 3.00
907 612.27 0.00 3.00
908 612.27 0.00 3.00
909 612.27 0.00 3.00
910 612.27 0.00 3.00
911 612.27 0.00 3.00
912 612.27 0.00 3.00
913 612.27 0.00 3.00
914 612.27 0.00 3.00
915 612.27 0.00 3.00
916 612.27 0.00 3.00
917 612.27 0.00 3.00
918 612.27 0.00 3.00
919 612.27 0.00 3.00
920 612.27 0.00 3.00
921 612.27 0.00 3.00
922 612.27 0.00 3.00
923 612.27 0.00 3.00
924 612.27 0.00 3.00
925 612.27 0.00 3.00
926 612.27 0.00 3.00
927 612.27 0.00 3.00
928 612.27 0.00 3.00
929 612.27 0.00 3.00
930 612.27 0.00 3.00
931 612.27 0.00 3.00
932 612.27 0.00 3.00
933 612.27 0.00 3.00
934 612.27 0.00 3.00
935 612.27 0.00 3.00
936 612.27 0.00 3.00
937 612.27 0.00 3.00
938 612.27 0.00 3.00
939 612.27 0.00 3.00
940 612.27 0.00 3.00
941 612.27 0.00 3.00
942 612.27 0.00 3.00
943 612.27 0.00 3.00
944 612.27 0.00 3.00
945 612.27 0.00 3.00
946 612.27 0.00 3.00
947 612.27 0.00 3.00
948 612.27 0.00 3.00
949 612.27 0.00 3.00
950 612.27 0.00 3.00
951 612.27 0.00 3.00
952 612.27 0.00 3.00
953 612.27 0.00 3.00
954 612.27 0.00 3.00
955 612.27 0.00 3.00
956 612.27 0.00 3.00
957 612.27 0.00 3.00
958 612.27 0.00 3.00
959 612.27 0.00 3.00
960 612.27 0.00 3.00
961 612.27 0.00 3.00
962 612.27 0.00 3.00
963 612.27 0.00 3.00
964 612.27 0.00 3.00
965 612.27 0.00 3.00
966 612.27 0.00 3.00
967 612.27 0.00 3.00
968 612.27 0.00 3.00
969 612.27 0.00 3.00
970 612.27 0.00 3.00
971 612.27 0.00 3.00
972 612.27 0.00 3.00
973 612.27 0.00 3.00
974 612.27 0.00 3.00
975 612.27 0.00 3.00
976 612.27 0.00 3.00
977 612.27 0.00 3.00
978 612.27 0.00 3.00
979 612.27 0.00 3.00
980 612.27 0.00 3.00
981 612.27 0.00 3.00
982 612.27 0.00 3.00
983 612.27 0.00 3.00
984 612.27 0.00 3.00
985 612.27 0.00 3.00
986 612.27 0.00 3.00
987 612.27 0.00 3.00
988 612.27 0.00 3.00
989 612.27 0.00 3.00
990 612.27 0.00 3.00
991 612.27 0.00 3.00
992 612.27 0.00 3.00
993 612.27 0.00 3.00
994 612.27 0.00 3.00
995 612.27 0.00 3.00
996 612.27 0.00 3.00
997 612.27 0.00 3.00
998 612.27 0.00 3.00
999 612.27 0.00 3.00
1000 612.27 0.00 3.00
1001 612.27 0.00 3.00
1002 612.27 0.00 3.00
1003 612.27 0.00 3.00
1004 612.27 0.00 3.00
1005 612.27 0.00 3.00
1006 612.27 0.00 3.00
1007 612.27 0.00 3.00
1008 612.27 0.00 3.00
1009 612.27 0.00 3.00
1010 612.27 0.00 3.00
1011 612.27 0.00 3.00
1012 612.27 0.00 3.00
1013 612.27 0.00 3.00
1014 612.27 0.00 3.00
1015 612.27 0.00 3.00
1016 612.27 0.00 3.00
1017 612.27 0.00 3.00
1018 612.27 0.00 3.00
1019 612.27 0.00 3.00
1020 612.27 0.00 3.00
1021 612.27 0.00 3.00
1022 612.27 0.00 3.00
1023 612.27 0.00 3.00
1024 612.27 0.00 3.00
1025 612.27 0.00 3.00
1026 612.27 0.00 3.00
1027 612.27 0.00 3.00
1028 612.27 0.00 3.00
1029 612.27 0.00 3.00
1030 612.27 0.00 3.00
1031 612.27 0.00 3.00
1032 612.27 0.00 3.00
1033 612.27 0.00 3.00
1034 612.27 0.00 3.00
1035 612.27 0.00 3.00
1036 612.27 0.00 3.00
1037 612.27 0.00 3.00
1038 612.27 0.00 3.00
1039 612.27 0.00 3.00
1040 612.27 0.00 3.00
1041 612.27 0.00 3.00
1042 612.27 0.00 3.00
1043 612.27 0.00 3.00
1044 612.27 0.00 3.00
1045 612.27 0.00 3.00
1046 612.27 0.00 3.00
1047 612.27 0.00 3.00
1048 612.27 0.00 3.00
1049 612.27 0.00 3.00
1050 612.27 0.00 3.00
1051 612.27 0.00 3.00
1052 612.27 0.00 3.00
1053 612.27 0.00 3.00
1054 612.27 0.00 3.00
1055 612.27 0.00 3.00
1056 612.27 0.00 3.00
1057 612.27 0.00 3.00
1058 612.27 0.00 3.00
1059 612.27 0.00 3.00
1060 612.27 0.00 3.00
1061 612.27 0.00 3.00
1062 710.14 0.00 3.00
1063 710.14 0.00 3.00
1064 710.14 0.00 3.00
1065 710.14 0.00 3.00
1066 710.14 0.00 3.00
1067 710.14 0.00 3.00
1068 710.14 0.00 3.00
1069 710.14 0.00 3.00
1070 710.14 0.00 3.00
1071 710.14 0.00 3.00
1072 710.14 0.00 3.00
1073 710.14 0.00 3.00
1074 710.14 0.00 3.00
1075 710.14 0.00 3.00
1076 710.14 0.00 3.00
1077 710.14 0.00 3.00
1078 710.14 0.00 3.00
1079 710.14 0.00 3.00
1080 710.14 0.00 3.00
1081 710.14 0.00 3.00
1082 710.14 0.00 3.00
1083 710.14 0.00 3.00
1084 710.14 0.00 3.00
1085 710.14 0.00 3.00
1086 710.14 0.00 3.00
1087 710.14 0.00 3.00
1088 710.14 0.00 3.00
1089 710.14 0.00 3.00
1090 710.14 0.00 3.00
1091 710.14 0.00 3.00
1092 710.14 0.00 3.00
1093 710.14 0.00 3.00
1094 710.14 0.00 3.00
1095 710.14 0.00 3.00
1096 710.14 0.00 3.00
1097 710.14 0.00 3.00
1098 710.14 0.00 3.00
1099 710.14 0.00 3.00
1100 710.14 0.00 3.00
1101 710.14 0.00 3.00
1102 710.14 0.00 3.00
1103 710.14 0.00 3.00
1104 710.14 0.00 3.00
1105 710.14 0.00 3.00
1106 710.14 0.00 3.00
1107 710.14 0.00 3.00
1108 710.14 0.00 3.00
1109 710.14 0.00 3.00
1110 710.14 0.00 3.00
1111 710.14 0.00 3.00
1112 710.14 0.00 3.00
1113 710.14 0.00 3.00
1114 710.14 0.00 3.00
1115 710.14 0.00 3.00
1116 710.14 0.00 3.00
1117 710.14 0.00 3.00
1118 710.14 0.00 3.00
1119 710.14 0.00 3.00
1120 710.14 0.00 3.00
1121 710.14 0.00 3.00
1122 710.14 0.00 3.00
1123 710.14 0.00 3.00
1124 710.14 0.00 3.00
1125 710.14 0.00 3.00
1126 710.14 0.00 3.00
1127 710.14 0.00 3.00
1128 710.14 0.00 3.00
1129 710.14 0.00 3.00
1130 710.14 0.00 3.00
1131 710.14 0.00 3.00
1132 710.14 0.00 3.00
1133 710.14 0.00 3.00
1134 710.14 0.00 3.00
1135 710.14 0.00 3.00
1136 710.14 0.00 3.00
1137 710.14 0.00 3.00
1138 710.14 0.00 3.00
1139 710.14 0.00 3.00
1140 710.14 0.00 3.00
1141 710.14 0.00 3.00
1142 748.79 0.00 3.00
1143 748.79 0.00 3.00
1144 748.79 0.00 3.00
1145 748.79 0.00 3.00
1146 748.79 0.00 3.00
1147 748.79 0.00 3.00
1148 748.79 0.00 3.00
1149 748.79 0.00 3.00
1150 748.79 0.00 3.00
1151 748.79 0.00 3.00
1152 748.79 0.00 3.00
1153 748.79 0.00 3.00
1154 748.79 0.00 3.00
1155 748.79 0.00 3.00
1156 748.79 0.00 3.00
1157 748.79 0.00 3.00
1158 748.79 0.00 3.00
1159 748.79 0.00 3.00
1160 748.79 0.00 3.00
1161 748.79 0.00 3.00
1162 748.79 0.00 3.00
1163 748.79 0.00 3.00
1164 748.79 0.00 3.00
1165 748.79 0.00 3.00
1166 748.79 0.00 3.00
1167 748.79 0.00 3.00
1168 748.79 0.00 3.00
1169 748.79 0.00 3.00
1170 748.79 0.00 3.00
1171 748.79 0.00 3.00
1172 748.79 0.00 3.00
1173 748.79 0.00 3.00
1174 748.79 0.00 3.00
1175 748.79 0.00 3.00
1176 748.79 0.00 3.00
1177 748.79 0.00 3.00
1178 748.79 0.00 3.00
1179 748.79 0.00 3.00
1180 748.79 0.00 3.00
1181 748.79 0.00 3.00
1182 748.79 0.00 3.00
1183 748.79 0.00 3.00
1184 748.79 0.00 3.00
1185 748.79 0.00 3.00
1186 748.79 0.00 3.00
1187 748.79 0.00 3.00
1188 748.79 0.00 3.00
1189 748.79 0.00 3.00
1190 748.79 0.00 3.00
1191 748.79 0.00 3.00
1192 748.79 0.00 3.00
1193 748.79 0.00 3.00
1194 748.79 0.00 3.00
1195 748.79 0.00 3.00
1196 748.79 0.00 3.00
1197 748.79 0.00 3.00
1198 748.79 0.00 3.00
1199 748.79 0.00 3.00
1200 748.79 0.00 3.00
1201 748.79 0.00 3.00
1202 748.79 0.00 3.00
1203 748.79 0.00 3.00
1204 748.79 0.00 3.00
1205 748.79 0.00 3.00
1206 748.79 0.00 3.00
1207 748.79 0.00 3.00
1208 748.79 0.00 3.00
1209 748.79 0.00 3.00
1210 748.79 0.00 3.00
1211 748.79 0.00 3.00
1212 748.79 0.00 3.00
1213 748.79 0.00 3.00
1214 748.79 0.00 3.00
1215 748.79 0.00 3.00
1216 748.79 0.00 3.00
1217 748.79 0.00 3.00
1218 748.79 0.00 3.00
1219 748.79 0.00 3.00
1220 748.79 0.00 3.00
1221 748.79 0.00 3.00
1222 748.79 0.00 3.00
1223 748.79 0.00 3.00
1224 748.79 0.00 3.00
1225 748.79 0.00 3.00
1226 748.79 0.00 3.00
1227 748.79 0.00 3.00
1228 748.79 0.00 3.00
1229 748.79 0.00 3.00
1230 748.79 0.00 3.00
1231 748.79 0.00 3.00
1232 748.79 0.00 3.00
1233 748.79 0.00 3.00
1234 748.79 0.00 3.00
1235 748.79 0.00 3.00
1236 748.79 0.00 3.00
1237 748.79 0.00 3.00
1238 748.79 0.00 3.00
1239 748.79 0.00 3.00
1240 748.79 0.00 3.00
1241 748.79 0.00 3.00
1242 748.79 0.00 3.00
1243 748.79 0.00 3.00
1244 748.79 0.00 3.00
1245 748.79 0.00 3.00
1246 748.79 0.00 3.00
1247 748.79 0.00 3.00
1248 748.79 0.00 3.00
1249 748.79 0.00 3.00
1250 748.79 0.00 3.00
1251 748.79 0.00 3.00
1252 748.79 0.00 3.00
1253 748.79 0.00 3.00
1254 748.79 0.00 3.00
1255 748.79 0.00 3.00
1256 748.79 0.00 3.00
1257 748.79 0.00 3.00
1258 748.79 0.00 3.00
1259 748.79 0.00 3.00
1260 748.79 0.00 3.00
1261 748.79 0.00 3.00
1262 748.79 0.00 3.00
1263 748.79 0.00 3.00
1264 748.79 0.00 3.00
1265 748.79 0.00 3.00
1266 748.79 0.00 3.00
1267 748.79 0.00 3.00
1268 748.79 0.00 3.00
1269 748.79 0.00 3.00
1270 748.79 0.00 3.00
1271 748.79 0.00 3.00
1272 748.79 0.00 3.00
1273 748.79 0.00 3.00
1274 748.79 0.00 3.00
1275 748.79 0.00 3.00
1276 748.79 0.00 3.00
1277 748.79 0.00 3.00
1278 748.79 0.00 3.00
1279 748.79 0.00 3.00
1280 748.79 0.00 3.00
1281 748.79 0.00 3.00
1282 748.79 0.00 3.00
1283 748.79 0.00 3.00
1284 748.79 0.00 3.00
1285 748.79 0.00 3.00
1286 748.79 0.00 3.00
1287 748.79 0.00 3.00
1288 748.79 0.00 3.00
1289 748.79 0.00 3.00
1290 748.79 0.00 3.00
1291 748.79 0.00 3.00
1292 748.79 0.00 3.00
1293 748.79 0.00 3.00
1294 748.79 0.00 3.00
1295 748.79 0.00 3.00
1296 748.79 0.00 3.00
1297 748.79 0.00 3.00
1298 748.79 0.00 3.00
1299 748.79 0.00 3.00
1300 748.79 0.00 3.00
1301 748.79 0.00 3.00
1302 748.79 0.00 3.00
1303 748.79 0.00 3.00
1304 748.79 0.00 3.00
1305 748.79 0.00 3.00
1306 748.79 0.00 3.00
1307 748.79 0.00 3.00
1308 748.79 0.00 3.00
1309 748.79 0.00 3.00
1310 748.79 0.00 3.00
1311 748.79 0.00 3.00
1312 748.79 0.00 3.00
1313 748.79 0.00 3.00
1314 748.79 0.00 3.00
1315 748.79 0.00 3.00
1316 748.79 0.00 3.00
1317 748.79 0.00 3.00
1318 748.79 0.00 3.00
1319 748.79 0.00 3.00
1320 748.79 0.00 3.00
1321 748.79 0.00 3.00
1322 748.79 0.00 3.00
1323 748.79 0.00 3.00
1324 748.79 0.00 3.00
1325 748.79 0.00 3.00
1326 748.79 0.00 3.00
1327 748.79 0.00 3.00
1328 748.79 0.00 3.00
1329 748.79 0.00 3.00
1330 748.79 0.00 3.00
1331 748.79 0.00 3.00
1332 748.79 0.00 3.00
1333 748.79 0.00 3.00
1334 748.79 0.00 3.00
1335 748.79 0.00 3.00
1336 774.38 0.00 3.00
1337 774.38 0.00 3.00
1338 774.38 0.00 3.00
1339 774.38 0.00 3.00
1340 774.38 0.00 3.00
1341 774.38 0.00 3.00
1342 774.38 0.00 3.00
1343 774.38 0.00 3.00
1344 774.38 0.00 3.00
1345 774.38 0.00 3.00
1346 774.38 0.00 3.00
1347 774.38 0.00 3.00
1348 774.38 0.00 3.00
1349 774.38 0.00 3.00
1350 774.38 0.00 3.00
1351 774.38 0.00 3.00
1352 774.38 0.00 3.00
1353 774.38 0.00 3.00
1354 774.38 0.00 3.00
1355 774.38 0.00 3.00
1356 774.38 0.00 3.00
1357 774.38 0.00 3.00
1358 774.38 0.00 3.00
1359 774.38 0.00 3.00
1360 774.38 0.00 3.00
1361 774.38 0.00 3.00
1362 774.38 0.00 3.00
1363 774.38 0.00 3.00
1364 774.38 0.00 3.00
1365 774.38 0.00 3.00
1366 774.38 0.00 3.00
1367 774.38 0.00 3.00
1368 774.38 0.00 3.00
1369 774.38 0.00 3.00
1370 774.38 0.00 3.00
1371 774.38 0.00 3.00
1372 774.38 0.00 3.00
1373 774.38 0.00 3.00
1374 774.38 0.00 3.00
1375 774.38 0.00 3.00
1376 774.38 0.00 3.00
1377 774.38 0.00 3.00
1378 774.38 0.00 3.00
1379 774.38 0.00 3.00
1380 774.38 0.00 3.00
1381 774.38 0.00 3.00
1382 774.38 0.00 3.00
1383 774.38 0.00 3.00
1384 774.38 0.00 3.00
1385 774.38 0.00 3.00
1386 774.38 0.00 3.00
1387 774.38 0.00 3.00
1388 774.38 0.00 3.00
1389 774.38 0.00 3.00
1390 774.38 0.00 3.00
1391 774.38 0.00 3.00
1392 774.38 0.00 3.00
1393 774.38 0.00 3.00
1394 774.38 0.00 3.00
1395 774.38 0.00 3.00
1396 774.38 0.00 3.00
1397 774.38 0.00 3.00
1398 774.38 0.00 3.00
1399 774.38 0.00 3.00
1400 774.38 0.00 3.00
1401 774.38 0.00 3.00
1402 774.38 0.00 3.00
1403 774.38 0.00 3.00
1404 774.38 0.00 3.00
1405 774.38 0.00 3.00
1406 774.38 0.00 3.00
1407 774.38 0.00 3.00
1408 774.38 0.00 3.00
1409 774.38 0.00 3.00
1410 774.38 0.00 3.00
1411 774.38 0.00 3.00
1412 774.38 0.00 3.00
1413 774.38 0.00 3.00
1414 774.38 0.00 3.00
1415 774.38 0.00 3.00
1416 774.38 0.00 3.00
1417 774.38 0.00 3.00
1418 774.38 0.00 3.00
1419 774.38 0.00 3.00
1420 774.38 0.00 3.00
1421 774.38 0.00 3.00
1422 774.38 0.00 3.00
1423 774.38 0.00 3.00
1424 774.38 0.00 3.00
1425 774.38 0.00 3.00
1426 774.38 0.00 3.00
1427 774.38 0.00 3.00
1428 774.38 0.00 3.00
1429 774.38 0.00 3.00
1430 774.38 0.00 3.00
1431 774.38 0.00 3.00
1432 774.38 0.00 3.00
1433 774.38 0.00 3.00
1434 774.38 0.00 3.00
1435 774.38 0.00 3.00
1436 774.38 0.00 3.00
1437 774.38 0.00 3.00
1438 774.38 0.00 3.00
1439 774.38 0.00 3.00
1440 774.38 0.00 3.00
1441 774.38 0.00 3.00
1442 774.38 0.00 3.00
1443 774.38 0.00 3.00
1444 774.38 0.00 3.00
1445 774.38 0.00 3.00
1446 774.38 0.00 3.00
1447 774.38 0.00 3.00
1448 774.38 0.00 3.00
1449 774.38 0.00 3.00
1450 774.38 0.00 3.00
1451 774.38 0.00 3.00
1452 774.38 0.00 3.00
1453 774.38 0.00 3.00
1454 774.38 0.00 3.00
1455 774.38 0.00 3.00
1456 774.38 0.00 3.00
1457 774.38 0.00 3.00
1458 774.38 0.00 3.00
1459 774.38 0.00 3.00
1460 774.38 0.00 3.00
1461 774.38 0.00 3.00
1462 774.38 0.00 3.00
1463 774.38 0.00 3.00
1464 774.38 0.00 3.00
1465 774.38 0.00 3.00
1466 774.38 0.00 3.00
1467 774.38 0.00 3.00
1468 774.38 0.00 3.00
1469 774.38 0.00 3.00
1470 774.38 0.00 3.00
1471 774.38 0.00 3.00
1472 774.38 0.00 3.00
1473 774.38 0.00 3.00
1474 774.38 0.00 3.00
1475 774.38 0.00 3.00
1476 774.38 0.00 3.00
1477 774.38 0.00 3.00
1478 774.38 0.00 3.00
1479 774.38 0.00 3.00
1480 774.38 0.00 3.00
1481 774.38 0.00 3.00
1482 774.38 0.00 3.00
1483 774.38 0.00 3.00
1484 774.38 0.00 3.00
1485 774.38 0.00 3.00
1486 774.38 0.00 3.00
1487 774.38 0.00 3.00
1488 774.38 0.00 3.00
1489 774.38 0.00 3.00
1490 774.38 0.00 3.00
1491 774.38 0.00 3.00
1492 774.38 0.00 3.00
1493 774.38 0.00 3.00
1494 774.38 0.00 3.00
1495 774.38 0.00 3.00
1496 774.38 0.00 3.00
1497 774.38 0.00 3.00
1498 774.38 0.00 3.00
1499 774.38 0.00 3.00
1500 774.38 0.00 3.00
1501 774.38 0.00 3.00
1502 774.38 0.00 3.00
1503 774.38 0.00 3.00
1504 774.38 0.00 3.00
1505 774.38 0.00 3.00
1506 774.38 0.00 3.00
1507 774.38 0.00 3.00
1508 774.38 0.00 3.00
1509 774.38 0.00 3.00
1510 774.38 0.00 3.00
1511 774.38 0.00 3.00
1512 774.38 0.00 3.00
1513 774.38 0.00 3.00
1514 774.38 0.00 3.00
1515 774.38 0.00 3.00
1516 774.38 0.00 3.00
1517 774.38 0.00 3.00
1518 774.38 0.00 3.00
1519 774.38 0.00 3.00
1520 774.38 0.00 3.00
1521 774.38 0.00 3.00
1522 774.38 0.00 3.00
1523 774.38 0.00 3.00
1524 774.38 0.00 3.00
1525 774.38 0.00 3.00
1526 774.38 0.00 3.00
1527 774.38 0.00 3.00
1528 774.38 0.00 3.00
1529 774.38 0.00 3.00
1530 774.38 0.00 3.00
1531 774.38 0.00 3.00
1532 774.38 0.00 3.00
1533 774.38 0.00 3.00
1534 774.38 0.00 3.00
1535 774.38 0.00 3.00
1536 774.38 0.00 3.00
1537 774.38 0.00 3.00
1538 774.38 0.00 3.00
1539 774.38 0.00 3.00
1540 774.38 0.00 3.00
1541 774.38 0.00 3.00
1542 774.38 0.00 3.00
1543 774.38 0.00 3.00
1544 774.38 0.00 3.00
1545 774.38 0.00 3.00
1546 774.38 0.00 3.00
1547 774.38 0.00 3.00
1548 774.38 0.00 3.00
1549 774.38 0.00 3.00
1550 774.38 0.00 3.00
1551 774.38 0.00 3.00
1552 774.38 0.00 3.00
1553 774.38 0.00 3.00
1554 774.38 0.00 3.00
1555 774.38 0.00 3.00
1556 774.38 0.00 3.00
1557 774.38 0.00 3.00
1558 774.38 0.00 3.00
1559 774.38 0.00 3.00
1560 774.38 0.00 3.00
1561 774.38 0.00 3.00
1562 774.38 0.00 3.00
1563 774.38 0.00 3.00
1564 774.38 0.00 3.00
1565 774.38 0.00 3.00
1566 774.38 0.00 3.00
1567 774.38 0.00 3.00
1568 774.38 0.00 3.00
1569 774.38 0.00 3.00
1570 774.38 0.00 3.00
1571 774.38 0.00 3.00
1572 774.38 0.00 3.00
1573 774.38 0.00 3.00
1574 774.38 0.00 3.00
1575 774.38 0.00 3.00
1576 774.38 0.00 3.00
1577 774.38 0.00 3.00
1578 774.38 0.00 3.00
1579 774.38 0.00 3.00
1580 774.38 0.00 3.00
1581 863.43 0.00 3.00
1582 863.43 0.00 3.00
1583 863.43 0.00 3.00
1584 863.43 0.00 3.00
1585 863.43 0.00 3.00
1586 863.43 0.00 3.00
1587 863.43 0.00 3.00
1588 863.43 0.00 3.00
1589 863.43 0.00 3.00
1590 863.43 0.00 3.00
1591 863.43 0.00 3.00
1592 863.43 0.00 3.00
1593 863.43 0.00 3.00
1594 863.43 0.00 3.00
1595 863.43 0.00 3.00
1596 863.43 0.00 3.00
1597 863.43 0.00 3.00
1598 863.43 0.00 3.00
1599 863.43 0.00 3.00
1600 863.43 0.00 3.00
1601 863.43 0.00 3.00
1602 863.43 0.00 3.00
1603 863.43 0.00 3.00
1604 863.43 0.00 3.00
1605 863.43 0.00 3.00
1606 863.43 0.00 3.00
1607 863.43 0.00 3.00
1608 863.43 0.00 3.00
1609 863.43 0.00 3.00
1610 863.43 0.00 3.00
1611 863.43 0.00 3.00
1612 863.43 0.00 3.00
1613 863.43 0.00 3.00
1614 863.43 0.00 3.00
1615 873.22 0.00 3.00
1616 873.22 0.00 3.00
1617 873.22 0.00 3.00
1618 873.22 0.00 3.00
1619 873.22 0.00 3.00
1620 873.22 0.00 3.00
1621 873.22 0.00 3.00
1622 873.22 0.00 3.00
1623 873.22 0.00 3.00
1624 873.22 0.00 3.00
1625 873.22 0.00 3.00
1626 873.22 0.00 3.00
1627 873.22 0.00 3.00
1628 873.22 0.00 3.00
1629 873.22 0.00 3.00
1630 873.22 0.00 3.00
1631 873.22 0.00 3.00
1632 873.22 0.00 3.00
1633 873.22 0.00 3.00
1634 873.22 0.00 3.00
1635 873.22 0.00 3.00
1636 873.22 0.00 3.00
1637 873.22 0.00 3.00
1638 873.22 0.00 3.00
1639 873.22 0.00 3.00
1640 873.22 0.00 3.00
1641 873.22 0.00 3.00
1642 873.22 0.00 3.00
1643 873.22 0.00 3.00
1644 873.22 0.00 3.00
1645 873.22 0.00 3.00
1646 873.22 0.00 3.00
1647 873.22 0.00 3.00
1648 873.22 0.00 3.00
1649 873.22 0.00 3.00
1650 873.22 0.00 3.00
1651 873.22 0.00 3.00
1652 873.22 0.00 3.00
1653 873.22 0.00 3.00
1654 873.22 0.00 3.00
1655 873.22 0.00 3.00
1656 873.22 0.00 3.00
1657 873.22 0.00 3.00
1658 873.22 0.00 3.00
1659 873.22 0.00 3.00
1660 873.22 0.00 3.00
1661 873.22 0.00 3.00
1662 873.22 0.00 3.00
1663 873.22 0.00 3.00
1664 873.22 0.00 3.00
1665 873.22 0.00 3.00
1666 873.22 0.00 3.00
1667 873.22 0.00 3.00
1668 873.22 0.00 3.00
1669 873.22 0.00 3.00
1670 873.22 0.00 3.00
1671 873.22 0.00 3.00
1672 873.22 0.00 3.00
1673 873.22 0.00 3.00
1674 873.22 0.00 3.00
1675 873.22 0.00 3.00
1676 873.22 0.00 3.00
1677 873.22 0.00 3.00
1678 873.22 0.00 3.00
1679 873.22 0.00 3.00
1680 873.22 0.00 3.00
1681 873.22 0.00 3.00
1682 873.22 0.00 3.00
1683 873.22 0.00 3.00
1684 873.22 0.00 3.00
1685 873.22 0.00 3.00
1686 873.22 0.00 3.00
1687 873.22 0.00 3.00
1688 873.22 0.00 3.00
1689 873.22 0.00 3.00
1690 873.22 0.00 3.00
1691 873.22 0.00 3.00
1692 873.22 0.00 3.00
1693 873.22 0.00 3.00
1694 873.22 0.00 3.00
1695 873.22 0.00 3.00
1696 873.22 0.00 3.00
1697 873.22 0.00 3.00
1698 873.22 0.00 3.00
1699 873.22 0.00 3.00
1700 873.22 0.00 3.00
1701 873.22 0.00 3.00
1702 873.22 0.00 3.00
1703 873.22 0.00 3.00
1704 873.22 0.00 3.00
1705 873.22 0.00 3.00
1706 873.22 0.00 3.00
1707 873.22 0.00 3.00
1708 873.22 0.00 3.00
1709 873.22 0.00 3.00
1710 873.22 0.00 3.00
1711 873.22 0.00 3.00
1712 873.22 0.00 3.00
1713 873.22 0.00 3.00
1714 873.22 0.00 3.00
1715 873.22 0.00 3.00
1716 873.22 0.00 3.00
1717 873.22 0.00 3.00
1718 873.22 0.00 3.00
1719 873.22 0.00 3.00
1720 873.22 0.00 3.00
1721 873.22 0.00 3.00
1722 873.22 0.00 3.00
1723 873.22 0.00 3.00
1724 873.22 0.00 3.00
1725 873.22 0.00 3.00
1726 873.22 0.00 3.00
1727 873.22 0.00 3.00
1728 873.22 0.00 3.00
1729 873.22 0.00 3.00
1730 873.22 0.00 3.00
1731 873.22 0.00 3.00
1732 873.22 0.00 3.00
1733 873.22 0.00 3.00
1734 873.22 0.00 3.00
1735 873.22 0.00 3.00
1736 873.22 0.00 3.00
1737 873.22 0.00 3.00
