0 0.00 0.00
1 0.00 0.00
2 0.00 0.00
3 0.00 0.00
4 0.00 0.00
5 0.00 0.00
6 0.00 0.00
7 0.00 0.00
8 0.00 0.00
9 0.00 0.00
10 0.00 0.00
11 0.00 0.00
12 0.00 0.00
13 0.00 0.00
14 0.00 0.00
15 0.00 0.00
16 0.00 0.00
17 0.00 0.00
18 0.00 0.00
19 0.00 0.00
20 0.00 0.00
21 0.00 0.00
22 0.00 0.00
23 0.00 0.00
24 7.00 0.00
25 7.00 0.00
26 7.00 0.00
27 7.00 0.00
28 7.00 0.00
29 7.00 0.00
30 7.00 0.00
31 7.00 0.00
32 7.00 0.00
33 7.00 0.00
34 7.00 0.00
35 7.00 0.00
36 7.00 0.00
37 7.00 0.00
38 7.00 0.00
39 7.00 0.00
40 7.00 0.00
41 7.00 0.00
42 7.00 0.00
43 7.00 0.00
44 7.00 0.00
45 7.00 0.00
46 7.00 0.00
47 7.00 0.00
48 7.00 0.00
49 7.00 0.00
50 7.00 0.00
51 7.00 0.00
52 7.00 0.00
53 7.00 0.00
54 7.00 0.00
55 7.00 0.00
56 7.00 0.00
57 7.00 0.00
58 7.00 0.00
59 7.00 0.00
60 7.00 0.00
61 7.00 0.00
62 7.00 0.00
63 7.00 0.00
64 7.00 0.00
65 7.00 0.00
66 7.00 0.00
67 7.00 0.00
68 7.00 0.00
69 7.00 0.00
70 7.00 0.00
71 7.00 0.00
72 7.00 0.00
73 7.00 0.00
74 7.00 0.00
75 7.00 0.00
76 7.00 0.00
77 7.00 0.00
78 7.00 0.00
79 7.00 0.00
80 7.00 0.00
81 7.00 0.00
82 7.00 0.00
83 7.00 0.00
84 7.00 0.00
85 7.00 0.00
86 7.00 0.00
87 7.00 0.00
88 7.00 0.00
89 7.00 0.00
90 7.00 0.00
91 7.00 0.00
92 7.00 0.00
93 7.00 0.00
94 7.00 0.00
95 7.00 0.00
96 7.00 0.00
97 7.00 0.00
98 7.00 0.00
99 7.00 0.00
100 7.00 0.00
101 7.00 0.00
102 7.00 0.00
103 7.00 0.00
104 7.00 0.00
105 7.00 0.00
106 7.00 0.00
107 7.00 0.00
108 7.00 0.00
109 7.00 0.00
110 7.00 0.00
111 7.00 0.00
112 7.00 0.00
113 7.00 0.00
114 7.00 0.00
115 7.00 0.00
116 7.00 0.00
117 7.00 0.00
118 7.00 0.00
119 7.00 0.00
120 7.00 0.00
121 7.00 0.00
122 7.00 0.00
123 7.00 0.00
124 7.00 0.00
125 7.00 0.00
126 7.00 0.00
127 7.00 0.00
128 7.00 0.00
129 7.00 0.00
130 7.00 0.00
131 7.00 0.00
132 7.00 0.00
133 7.00 0.00
134 7.00 0.00
135 7.00 0.00
136 7.00 0.00
137 7.00 0.00
138 7.00 0.00
139 7.00 0.00
140 7.00 0.00
141 7.00 0.00
142 7.00 0.00
143 7.00 0.00
144 7.00 0.00
145 7.00 0.00
146 7.00 0.00
147 7.00 0.00
148 7.00 0.00
149 7.00 0.00
150 7.00 0.00
151 7.00 0.00
152 7.00 0.00
153 7.00 0.00
154 7.00 0.00
155 7.00 0.00
156 7.00 0.00
157 7.00 0.00
158 7.00 0.00
159 7.00 0.00
160 7.00 0.00
161 7.00 0.00
162 7.00 0.00
163 7.00 0.00
164 7.00 0.00
165 7.00 0.00
166 7.00 0.00
167 7.00 0.00
168 7.00 0.00
169 7.00 0.00
170 7.00 0.00
171 7.00 0.00
172 7.00 0.00
173 7.00 0.00
174 7.00 0.00
175 7.00 0.00
176 7.00 0.00
177 7.00 0.00
178 7.00 0.00
179 7.00 0.00
180 7.00 0.00
181 7.00 0.00
182 7.00 0.00
183 7.00 0.00
184 7.00 0.00
185 7.00 0.00
186 7.00 0.00
187 7.00 0.00
188 7.00 0.00
189 7.00 0.00
190 7.00 0.00
191 7.00 0.00
192 7.00 0.00
193 7.00 0.00
194 7.00 0.00
195 7.00 0.00
196 7.00 0.00
197 7.00 0.00
198 7.00 0.00
199 7.00 0.00
200 7.00 0.00
201 7.00 0.00
202 7.00 0.00
203 7.00 0.00
204 7.00 0.00
205 7.00 0.00
206 7.00 0.00
207 7.00 0.00
208 7.00 0.00
209 7.00 0.00
210 7.00 0.00
211 7.00 0.00
212 7.00 0.00
213 7.00 0.00
214 7.00 0.00
215 7.00 0.00
216 7.00 0.00
217 7.00 0.00
218 7.00 0.00
219 7.00 0.00
220 7.00 0.00
221 7.00 0.00
222 7.00 0.00
223 7.00 0.00
224 7.00 0.00
225 7.00 0.00
226 7.00 0.00
227 7.00 0.00
228 7.00 0.00
229 7.00 0.00
230 7.00 0.00
231 7.00 0.00
232 7.00 0.00
233 7.00 0.00
234 7.00 0.00
235 7.00 0.00
236 7.00 0.00
237 7.00 0.00
238 7.00 0.00
239 7.00 0.00
240 7.00 0.00
241 7.00 0.00
242 7.00 0.00
243 7.00 0.00
244 7.00 0.00
245 7.00 0.00
246 7.00 0.00
247 7.00 0.00
248 7.00 0.00
249 7.00 0.00
250 7.00 0.00
251 7.00 0.00
252 7.00 0.00
253 7.00 0.00
254 7.00 0.00
255 7.00 0.00
256 7.00 0.00
257 7.00 0.00
258 7.00 0.00
259 7.00 0.00
260 7.00 0.00
261 7.00 0.00
262 7.00 0.00
263 7.00 0.00
264 7.00 0.00
265 7.00 0.00
266 7.00 0.00
267 7.00 0.00
268 7.00 0.00
269 7.00 0.00
270 7.00 0.00
271 7.00 0.00
272 7.00 0.00
273 7.00 0.00
274 7.00 0.00
275 7.00 0.00
276 7.00 0.00
277 7.00 0.00
278 7.00 0.00
279 7.00 0.00
280 7.00 0.00
281 7.00 0.00
282 7.00 0.00
283 7.00 0.00
284 7.00 0.00
285 7.00 0.00
286 7.00 0.00
287 7.00 0.00
288 7.00 0.00
289 7.00 0.00
290 7.00 0.00
291 7.00 0.00
292 7.00 0.00
293 7.00 0.00
294 7.00 0.00
295 7.00 0.00
296 7.00 0.00
297 7.00 0.00
298 7.00 0.00
299 7.00 0.00
300 7.00 0.00
301 7.00 0.00
302 7.00 0.00
303 7.00 0.00
304 7.00 0.00
305 7.00 0.00
306 7.00 0.00
307 7.00 0.00
308 7.00 0.00
309 7.00 0.00
310 7.00 0.00
311 7.00 0.00
312 7.00 0.00
313 7.00 0.00
314 7.00 0.00
315 7.00 0.00
316 7.00 0.00
317 7.00 0.00
318 7.00 0.00
319 7.00 0.00
320 7.00 0.00
321 7.00 0.00
322 7.00 0.00
323 7.00 0.00
324 7.00 0.00
325 7.00 0.00
326 7.00 0.00
327 7.00 0.00
328 7.00 0.00
329 7.00 0.00
330 7.00 0.00
331 7.00 0.00
332 7.00 0.00
333 7.00 0.00
334 7.00 0.00
335 7.00 0.00
336 7.00 0.00
337 7.00 0.00
338 7.00 0.00
339 7.00 0.00
340 7.00 0.00
341 7.00 0.00
342 7.00 0.00
343 7.00 0.00
344 7.00 0.00
345 7.00 0.00
346 7.00 0.00
347 7.00 0.00
348 7.00 0.00
349 7.00 0.00
350 7.00 0.00
351 7.00 0.00
352 7.00 0.00
353 7.00 0.00
354 7.00 0.00
355 7.00 0.00
356 7.00 0.00
357 7.00 0.00
358 7.00 0.00
359 7.00 0.00
360 7.00 0.00
361 7.00 0.00
362 7.00 0.00
363 7.00 0.00
364 7.00 0.00
365 7.00 0.00
366 7.00 0.00
367 7.00 0.00
368 7.00 0.00
369 7.00 0.00
370 7.00 0.00
371 7.00 0.00
372 7.00 0.00
373 7.00 0.00
374 7.00 0.00
375 7.00 0.00
376 7.00 0.00
377 7.00 0.00
378 7.00 0.00
379 7.00 0.00
380 7.00 0.00
381 7.00 0.00
382 7.00 0.00
383 7.00 0.00
384 7.00 0.00
385 7.00 0.00
386 7.00 0.00
387 7.00 0.00
388 7.00 0.00
389 7.00 0.00
390 7.00 0.00
391 7.00 0.00
392 7.00 0.00
393 7.00 0.00
394 7.00 0.00
395 7.00 0.00
396 7.00 0.00
397 7.00 0.00
398 7.00 0.00
399 7.00 0.00
400 7.00 0.00
401 7.00 0.00
402 7.00 0.00
403 7.00 0.00
404 7.00 0.00
405 7.00 0.00
406 7.00 0.00
407 7.00 0.00
408 7.00 0.00
409 7.00 0.00
410 7.00 0.00
411 7.00 0.00
412 7.00 0.00
413 7.00 0.00
414 7.00 0.00
415 7.00 0.00
416 7.00 0.00
417 7.00 0.00
