0 0.00 0.00
1 0.00 0.00
2 0.00 0.00
3 0.00 0.00
4 0.00 0.00
5 0.00 0.00
6 0.00 0.00
7 0.00 0.00
8 0.00 0.00
9 0.00 0.00
10 0.00 0.00
11 0.00 0.00
12 0.00 0.00
13 0.00 0.00
14 0.00 0.00
15 0.00 0.00
16 0.00 0.00
17 0.00 0.00
18 0.00 0.00
19 0.00 0.00
20 0.00 0.00
21 0.00 0.00
22 0.00 0.00
23 0.00 0.00
24 0.00 0.00
25 0.00 0.00
26 0.00 0.00
27 0.00 0.00
28 0.00 0.00
29 0.00 0.00
30 0.00 0.00
31 0.00 0.00
32 0.00 0.00
33 0.00 0.00
34 0.00 0.00
35 0.00 0.00
36 0.00 0.00
37 0.00 0.00
38 0.00 0.00
39 0.00 0.00
40 0.00 0.00
41 0.00 0.00
42 0.00 0.00
43 0.00 0.00
44 0.00 0.00
45 0.00 0.00
46 0.00 0.00
47 0.00 0.00
48 0.00 0.00
49 0.00 0.00
50 0.00 0.00
51 0.00 0.00
52 0.00 0.00
53 0.00 0.00
54 0.00 0.00
55 0.00 0.00
56 0.00 0.00
57 0.00 0.00
58 0.00 0.00
59 0.00 0.00
60 0.00 0.00
61 0.00 0.00
62 0.00 0.00
63 0.00 0.00
64 0.00 0.00
65 0.00 0.00
66 0.00 0.00
67 0.00 0.00
68 0.00 0.00
69 0.00 0.00
70 0.00 0.00
71 0.00 0.00
72 0.00 0.00
73 0.00 0.00
74 0.00 0.00
75 0.00 0.00
76 0.00 0.00
77 0.00 0.00
78 0.00 0.00
79 0.00 0.00
80 0.00 0.00
81 0.00 0.00
82 0.00 0.00
83 0.00 0.00
84 0.00 0.00
85 0.00 0.00
86 0.00 0.00
87 0.00 0.00
88 0.00 0.00
89 0.00 0.00
90 0.00 0.00
91 0.00 0.00
92 0.00 0.00
93 0.00 0.00
94 0.00 0.00
95 0.00 0.00
96 0.00 0.00
97 0.00 0.00
98 0.00 0.00
99 0.00 0.00
100 0.00 0.00
101 0.00 0.00
102 0.00 0.00
103 0.00 0.00
104 0.00 0.00
105 0.00 0.00
106 0.00 0.00
107 0.00 0.00
108 0.00 0.00
109 0.00 0.00
110 0.00 0.00
111 0.00 0.00
112 0.00 0.00
113 0.00 0.00
114 0.00 0.00
115 0.00 0.00
116 0.00 0.00
117 0.00 0.00
118 0.00 0.00
119 0.00 0.00
120 0.00 0.00
121 0.00 0.00
122 0.00 0.00
123 0.00 0.00
124 0.00 0.00
125 0.00 0.00
126 0.00 0.00
127 0.00 0.00
128 0.00 0.00
129 0.00 0.00
130 0.00 0.00
131 0.00 0.00
132 0.00 0.00
133 0.00 0.00
134 0.00 0.00
135 0.00 0.00
136 0.00 0.00
137 0.00 0.00
138 0.00 0.00
139 0.00 0.00
140 0.00 0.00
141 0.00 0.00
142 0.00 0.00
143 0.00 0.00
144 0.00 0.00
145 0.00 0.00
146 0.00 0.00
147 0.00 0.00
148 0.00 0.00
149 0.00 0.00
150 0.00 0.00
151 0.00 0.00
152 0.00 0.00
153 0.00 0.00
154 0.00 0.00
155 0.00 0.00
156 0.00 0.00
157 0.00 0.00
158 0.00 0.00
159 0.00 0.00
160 0.00 0.00
161 0.00 0.00
162 0.00 0.00
163 0.00 0.00
164 0.00 0.00
165 0.00 0.00
166 0.00 0.00
167 0.00 0.00
168 0.00 0.00
169 0.00 0.00
170 0.00 0.00
171 0.00 0.00
172 0.00 0.00
173 0.00 0.00
174 0.00 0.00
175 0.00 0.00
176 0.00 0.00
177 0.00 0.00
178 0.00 0.00
179 0.00 0.00
180 0.00 0.00
181 0.00 0.00
182 0.00 0.00
183 0.00 0.00
184 0.00 0.00
185 0.00 0.00
186 0.00 0.00
187 0.00 0.00
188 0.00 0.00
189 0.00 0.00
190 0.00 0.00
191 0.00 0.00
192 0.00 0.00
193 0.00 0.00
194 0.00 0.00
195 0.00 0.00
196 0.00 0.00
197 0.00 0.00
198 0.00 0.00
199 0.00 0.00
200 0.00 0.00
201 0.00 0.00
202 0.00 0.00
203 0.00 0.00
204 0.00 0.00
205 0.00 0.00
206 0.00 0.00
207 0.00 0.00
208 0.00 0.00
209 0.00 0.00
210 0.00 0.00
211 0.00 0.00
212 0.00 0.00
213 0.00 0.00
214 0.00 0.00
215 0.00 0.00
216 0.00 0.00
217 0.00 0.00
218 0.00 0.00
219 0.00 0.00
220 0.00 0.00
221 0.00 0.00
222 0.00 0.00
223 0.00 0.00
224 0.00 0.00
225 0.00 0.00
226 0.00 0.00
227 0.00 0.00
228 0.00 0.00
229 0.00 0.00
230 0.00 0.00
231 0.00 0.00
232 0.00 0.00
233 0.00 0.00
234 0.00 0.00
235 0.00 0.00
236 0.00 0.00
237 0.00 0.00
238 0.00 0.00
239 0.00 0.00
240 0.00 0.00
241 0.00 0.00
242 0.00 0.00
243 0.00 0.00
244 0.00 0.00
245 0.00 0.00
246 0.00 0.00
247 0.00 0.00
248 0.00 0.00
249 0.00 0.00
250 0.00 0.00
251 0.00 0.00
252 0.00 0.00
253 0.00 0.00
254 0.00 0.00
255 0.00 0.00
256 0.00 0.00
257 0.00 0.00
258 0.00 0.00
259 0.00 0.00
260 0.00 0.00
261 0.00 0.00
262 0.00 0.00
263 0.00 0.00
264 0.00 0.00
265 0.00 0.00
266 0.00 0.00
267 0.00 0.00
268 0.00 0.00
269 0.00 0.00
270 0.00 0.00
271 0.00 0.00
272 0.00 0.00
273 0.00 0.00
274 0.00 0.00
275 0.00 0.00
276 0.00 0.00
277 0.00 0.00
278 0.00 0.00
279 0.00 0.00
280 0.00 0.00
281 0.00 0.00
282 0.00 0.00
283 0.00 0.00
284 0.00 0.00
285 0.00 0.00
286 0.00 0.00
287 0.00 0.00
288 0.00 0.00
289 0.00 0.00
290 0.00 0.00
291 0.00 0.00
292 0.00 0.00
293 0.00 0.00
294 0.00 0.00
295 0.00 0.00
296 0.00 0.00
297 0.00 0.00
298 0.00 0.00
299 0.00 0.00
300 0.00 0.00
301 0.00 0.00
302 0.00 0.00
303 0.00 0.00
304 0.00 0.00
305 0.00 0.00
306 0.00 0.00
307 0.00 0.00
308 0.00 0.00
309 0.00 0.00
310 0.00 0.00
311 0.00 0.00
312 0.00 0.00
313 0.00 0.00
314 0.00 0.00
315 0.00 0.00
316 0.00 0.00
317 0.00 0.00
318 0.00 0.00
319 0.00 0.00
320 0.00 0.00
321 0.00 0.00
322 0.00 0.00
323 0.00 0.00
324 0.00 0.00
325 0.00 0.00
326 0.00 0.00
327 0.00 0.00
328 0.00 0.00
329 0.00 0.00
330 0.00 0.00
331 0.00 0.00
332 0.00 0.00
333 0.00 0.00
334 0.00 0.00
335 0.00 0.00
336 0.00 0.00
337 0.00 0.00
338 0.00 0.00
339 0.00 0.00
340 0.00 0.00
341 0.00 0.00
342 0.00 0.00
343 0.00 0.00
344 0.00 0.00
345 0.00 0.00
346 0.00 0.00
347 0.00 0.00
348 0.00 0.00
349 0.00 0.00
350 0.00 0.00
351 0.00 0.00
352 0.00 0.00
353 0.00 0.00
354 0.00 0.00
355 0.00 0.00
356 0.00 0.00
357 0.00 0.00
358 0.00 0.00
359 0.00 0.00
360 0.00 0.00
361 0.00 0.00
362 0.00 0.00
363 0.00 0.00
364 0.00 0.00
365 0.00 0.00
366 0.00 0.00
367 0.00 0.00
368 0.00 0.00
369 0.00 0.00
370 0.00 0.00
371 0.00 0.00
372 15.00 0.00
373 15.00 0.00
374 15.00 0.00
375 15.00 0.00
376 15.00 0.00
377 15.00 0.00
378 15.00 0.00
379 15.00 0.00
380 15.00 0.00
381 15.00 0.00
382 15.00 0.00
383 15.00 0.00
384 15.00 0.00
385 15.00 0.00
386 15.00 0.00
387 15.00 0.00
388 15.00 0.00
389 15.00 0.00
390 15.00 0.00
391 15.00 0.00
392 15.00 0.00
393 15.00 0.00
394 15.00 0.00
395 15.00 0.00
396 15.00 0.00
397 15.00 0.00
398 15.00 0.00
399 15.00 0.00
400 15.00 0.00
401 15.00 0.00
402 15.00 0.00
403 15.00 0.00
404 15.00 0.00
405 15.00 0.00
406 15.00 0.00
407 15.00 0.00
408 15.00 0.00
409 15.00 0.00
410 15.00 0.00
411 15.00 0.00
412 15.00 0.00
413 15.00 0.00
414 15.00 0.00
415 15.00 0.00
416 15.00 0.00
417 15.00 0.00
418 15.00 0.00
419 15.00 0.00
420 15.00 0.00
421 15.00 0.00
422 15.00 0.00
423 15.00 0.00
424 15.00 0.00
425 15.00 0.00
426 15.00 0.00
427 15.00 0.00
428 15.00 0.00
429 15.00 0.00
430 15.00 0.00
431 15.00 0.00
432 15.00 0.00
433 15.00 0.00
434 15.00 0.00
435 15.00 0.00
436 15.00 0.00
437 15.00 0.00
438 15.00 0.00
439 15.00 0.00
440 15.00 0.00
441 15.00 0.00
442 15.00 0.00
443 15.00 0.00
444 15.00 0.00
445 15.00 0.00
446 15.00 0.00
447 15.00 0.00
448 15.00 0.00
449 15.00 0.00
450 15.00 0.00
451 15.00 0.00
452 15.00 0.00
453 15.00 0.00
454 15.00 0.00
455 15.00 0.00
456 15.00 0.00
457 15.00 0.00
458 15.00 0.00
459 15.00 0.00
460 15.00 0.00
461 15.00 0.00
462 15.00 0.00
463 15.00 0.00
464 15.00 0.00
465 15.00 0.00
466 15.00 0.00
467 15.00 0.00
468 15.00 0.00
469 15.00 0.00
470 15.00 0.00
471 15.00 0.00
472 15.00 0.00
473 15.00 0.00
474 15.00 0.00
475 15.00 0.00
476 15.00 0.00
477 15.00 0.00
478 15.00 0.00
479 15.00 0.00
480 15.00 0.00
481 15.00 0.00
482 15.00 0.00
483 15.00 0.00
484 15.00 0.00
485 15.00 0.00
486 15.00 0.00
487 15.00 0.00
488 15.00 0.00
489 15.00 0.00
490 15.00 0.00
491 15.00 0.00
492 15.00 0.00
493 15.00 0.00
494 15.00 0.00
495 15.00 0.00
496 15.00 0.00
497 15.00 0.00
498 15.00 0.00
499 15.00 0.00
500 15.00 0.00
501 15.00 0.00
502 15.00 0.00
503 15.00 0.00
504 15.00 0.00
505 15.00 0.00
506 15.00 0.00
507 15.00 0.00
508 15.00 0.00
509 15.00 0.00
510 15.00 0.00
511 15.00 0.00
512 15.00 0.00
513 15.00 0.00
514 15.00 0.00
515 15.00 0.00
516 15.00 0.00
517 15.00 0.00
518 15.00 0.00
519 15.00 0.00
520 15.00 0.00
521 15.00 0.00
522 15.00 0.00
523 15.00 0.00
524 15.00 0.00
525 15.00 0.00
526 15.00 0.00
527 15.00 0.00
528 15.00 0.00
529 15.00 0.00
530 15.00 0.00
531 15.00 0.00
532 15.00 0.00
533 15.00 0.00
534 15.00 0.00
535 15.00 0.00
536 15.00 0.00
537 15.00 0.00
538 15.00 0.00
539 15.00 0.00
540 15.00 0.00
541 15.00 0.00
542 15.00 0.00
543 15.00 0.00
544 15.00 0.00
545 15.00 0.00
546 15.00 0.00
547 15.00 0.00
548 15.00 0.00
549 15.00 0.00
550 15.00 0.00
551 15.00 0.00
552 15.00 0.00
553 15.00 0.00
554 15.00 0.00
555 15.00 0.00
556 15.00 0.00
557 15.00 0.00
558 15.00 0.00
559 15.00 0.00
560 15.00 0.00
561 15.00 0.00
562 15.00 0.00
563 15.00 0.00
564 15.00 0.00
565 15.00 0.00
566 15.00 0.00
567 15.00 0.00
568 15.00 0.00
569 15.00 0.00
570 15.00 0.00
571 15.00 0.00
572 15.00 0.00
573 15.00 0.00
574 15.00 0.00
575 15.00 0.00
576 15.00 0.00
577 15.00 0.00
578 15.00 0.00
579 15.00 0.00
580 15.00 0.00
581 15.00 0.00
582 15.00 0.00
583 15.00 0.00
584 15.00 0.00
585 15.00 0.00
586 15.00 0.00
587 15.00 0.00
588 15.00 0.00
589 15.00 0.00
590 15.00 0.00
591 15.00 0.00
592 15.00 0.00
593 15.00 0.00
594 15.00 0.00
595 15.00 0.00
596 15.00 0.00
597 15.00 0.00
598 15.00 0.00
599 15.00 0.00
600 15.00 0.00
601 15.00 0.00
602 15.00 0.00
603 15.00 0.00
604 15.00 0.00
605 15.00 0.00
606 15.00 0.00
607 15.00 0.00
608 15.00 0.00
609 15.00 0.00
610 15.00 0.00
611 15.00 0.00
612 15.00 0.00
613 15.00 0.00
614 15.00 0.00
615 15.00 0.00
616 15.00 0.00
617 15.00 0.00
618 15.00 0.00
619 15.00 0.00
620 15.00 0.00
621 15.00 0.00
622 15.00 0.00
623 15.00 0.00
624 15.00 0.00
625 15.00 0.00
626 15.00 0.00
627 15.00 0.00
628 15.00 0.00
629 15.00 0.00
630 15.00 0.00
631 15.00 0.00
632 15.00 0.00
633 15.00 0.00
634 15.00 0.00
635 15.00 0.00
636 15.00 0.00
637 15.00 0.00
638 15.00 0.00
639 15.00 0.00
640 15.00 0.00
641 15.00 0.00
642 15.00 0.00
643 15.00 0.00
644 15.00 0.00
645 15.00 0.00
646 15.00 0.00
647 15.00 0.00
648 15.00 0.00
649 15.00 0.00
650 15.00 0.00
651 15.00 0.00
652 15.00 0.00
653 15.00 0.00
654 15.00 0.00
655 15.00 0.00
656 15.00 0.00
657 15.00 0.00
658 15.00 0.00
659 15.00 0.00
660 15.00 0.00
661 15.00 0.00
662 15.00 0.00
663 15.00 0.00
664 15.00 0.00
665 15.00 0.00
666 15.00 0.00
667 15.00 0.00
668 15.00 0.00
669 15.00 0.00
670 15.00 0.00
671 15.00 0.00
672 15.00 0.00
673 15.00 0.00
674 15.00 0.00
675 15.00 0.00
676 15.00 0.00
677 15.00 0.00
678 15.00 0.00
679 15.00 0.00
680 15.00 0.00
681 15.00 0.00
682 15.00 0.00
683 15.00 0.00
684 15.00 0.00
685 15.00 0.00
686 15.00 0.00
687 15.00 0.00
688 15.00 0.00
689 15.00 0.00
690 15.00 0.00
691 15.00 0.00
692 15.00 0.00
693 15.00 0.00
694 15.00 0.00
695 15.00 0.00
696 15.00 0.00
697 15.00 0.00
698 15.00 0.00
699 15.00 0.00
700 15.00 0.00
701 15.00 0.00
702 15.00 0.00
703 15.00 0.00
704 15.00 0.00
705 15.00 0.00
706 15.00 0.00
707 15.00 0.00
708 15.00 0.00
709 15.00 0.00
710 15.00 0.00
711 15.00 0.00
712 15.00 0.00
713 15.00 0.00
714 15.00 0.00
715 15.00 0.00
716 15.00 0.00
717 15.00 0.00
718 15.00 0.00
719 15.00 0.00
720 15.00 0.00
721 15.00 0.00
722 15.00 0.00
723 15.00 0.00
724 15.00 0.00
725 15.00 0.00
726 15.00 0.00
727 15.00 0.00
728 15.00 0.00
729 15.00 0.00
730 15.00 0.00
731 15.00 0.00
732 15.00 0.00
733 15.00 0.00
734 15.00 0.00
735 15.00 0.00
736 15.00 0.00
737 15.00 0.00
738 15.00 0.00
739 15.00 0.00
740 15.00 0.00
741 15.00 0.00
742 15.00 0.00
743 15.00 0.00
744 15.00 0.00
745 15.00 0.00
746 15.00 0.00
747 15.00 0.00
748 15.00 0.00
749 15.00 0.00
750 15.00 0.00
751 15.00 0.00
752 15.00 0.00
753 15.00 0.00
754 15.00 0.00
755 15.00 0.00
756 15.00 0.00
757 15.00 0.00
758 15.00 0.00
759 15.00 0.00
760 15.00 0.00
761 15.00 0.00
762 15.00 0.00
763 15.00 0.00
764 15.00 0.00
765 15.00 0.00
766 15.00 0.00
767 15.00 0.00
768 15.00 0.00
769 15.00 0.00
770 15.00 0.00
771 15.00 0.00
772 15.00 0.00
773 15.00 0.00
774 15.00 0.00
775 15.00 0.00
776 15.00 0.00
777 15.00 0.00
778 15.00 0.00
779 15.00 0.00
780 15.00 0.00
781 15.00 0.00
782 15.00 0.00
783 15.00 0.00
784 15.00 0.00
785 15.00 0.00
786 15.00 0.00
787 15.00 0.00
788 15.00 0.00
789 15.00 0.00
790 15.00 0.00
791 15.00 0.00
792 15.00 0.00
793 15.00 0.00
794 15.00 0.00
795 15.00 0.00
796 15.00 0.00
797 15.00 0.00
798 15.00 0.00
799 15.00 0.00
800 15.00 0.00
801 15.00 0.00
802 15.00 0.00
803 15.00 0.00
804 15.00 0.00
805 15.00 0.00
806 15.00 0.00
807 15.00 0.00
808 15.00 0.00
809 15.00 0.00
810 15.00 0.00
811 15.00 0.00
812 15.00 0.00
813 15.00 0.00
814 15.00 0.00
815 15.00 0.00
816 15.00 0.00
817 15.00 0.00
818 15.00 0.00
819 15.00 0.00
820 15.00 0.00
821 15.00 0.00
822 15.00 0.00
823 15.00 0.00
824 15.00 0.00
825 15.00 0.00
826 15.00 0.00
827 15.00 0.00
828 15.00 0.00
829 15.00 0.00
830 15.00 0.00
831 15.00 0.00
832 15.00 0.00
833 15.00 0.00
834 15.00 0.00
835 15.00 0.00
836 15.00 0.00
837 15.00 0.00
838 15.00 0.00
839 15.00 0.00
840 15.00 0.00
841 15.00 0.00
842 15.00 0.00
843 15.00 0.00
844 15.00 0.00
845 15.00 0.00
846 15.00 0.00
847 15.00 0.00
848 15.00 0.00
849 15.00 0.00
850 15.00 0.00
851 15.00 0.00
852 15.00 0.00
853 15.00 0.00
854 15.00 0.00
855 15.00 0.00
856 15.00 0.00
857 15.00 0.00
858 15.00 0.00
859 15.00 0.00
860 15.00 0.00
861 15.00 0.00
862 15.00 0.00
863 15.00 0.00
864 15.00 0.00
865 15.00 0.00
866 15.00 0.00
867 15.00 0.00
868 15.00 0.00
869 15.00 0.00
870 15.00 0.00
871 15.00 0.00
872 15.00 0.00
873 15.00 0.00
874 15.00 0.00
875 15.00 0.00
876 15.00 0.00
877 15.00 0.00
878 15.00 0.00
879 15.00 0.00
880 15.00 0.00
881 15.00 0.00
882 15.00 0.00
883 15.00 0.00
884 15.00 0.00
885 15.00 0.00
886 15.00 0.00
887 15.00 0.00
888 15.00 0.00
889 15.00 0.00
890 15.00 0.00
891 15.00 0.00
892 15.00 0.00
893 15.00 0.00
894 15.00 0.00
895 15.00 0.00
896 15.00 0.00
897 15.00 0.00
898 15.00 0.00
899 15.00 0.00
900 15.00 0.00
901 15.00 0.00
902 15.00 0.00
903 15.00 0.00
904 15.00 0.00
905 15.00 0.00
906 15.00 0.00
907 15.00 0.00
908 15.00 0.00
909 15.00 0.00
910 15.00 0.00
911 15.00 0.00
912 15.00 0.00
913 15.00 0.00
914 15.00 0.00
915 15.00 0.00
916 15.00 0.00
917 15.00 0.00
918 15.00 0.00
919 15.00 0.00
920 15.00 0.00
921 15.00 0.00
922 15.00 0.00
923 15.00 0.00
924 15.00 0.00
925 15.00 0.00
926 15.00 0.00
927 15.00 0.00
928 15.00 0.00
929 15.00 0.00
930 15.00 0.00
931 15.00 0.00
932 15.00 0.00
933 15.00 0.00
934 15.00 0.00
935 15.00 0.00
936 15.00 0.00
937 15.00 0.00
938 15.00 0.00
939 15.00 0.00
940 15.00 0.00
941 15.00 0.00
942 15.00 0.00
943 15.00 0.00
944 15.00 0.00
945 15.00 0.00
946 15.00 0.00
947 15.00 0.00
948 15.00 0.00
949 15.00 0.00
950 15.00 0.00
951 15.00 0.00
952 15.00 0.00
953 15.00 0.00
954 15.00 0.00
955 22.73 0.00
956 22.73 0.00
957 22.73 0.00
958 22.73 0.00
959 22.73 0.00
960 22.73 0.00
961 22.73 0.00
962 22.73 0.00
963 22.73 0.00
964 22.73 0.00
965 22.73 0.00
966 22.73 0.00
967 22.73 0.00
968 22.73 0.00
969 22.73 0.00
970 22.73 0.00
971 22.73 0.00
972 22.73 0.00
973 22.73 0.00
974 22.73 0.00
975 22.73 0.00
976 22.73 0.00
977 22.73 0.00
978 22.73 0.00
979 22.73 0.00
980 22.73 0.00
981 22.73 0.00
982 22.73 0.00
983 22.73 0.00
984 22.73 0.00
985 22.73 0.00
986 22.73 0.00
987 22.73 0.00
988 22.73 0.00
989 22.73 0.00
990 22.73 0.00
991 22.73 0.00
992 22.73 0.00
993 22.73 0.00
994 22.73 0.00
995 22.73 0.00
996 22.73 0.00
997 22.73 0.00
998 22.73 0.00
999 22.73 0.00
1000 22.73 0.00
1001 22.73 0.00
1002 22.73 0.00
1003 22.73 0.00
1004 22.73 0.00
1005 22.73 0.00
1006 22.73 0.00
1007 22.73 0.00
1008 22.73 0.00
1009 22.73 0.00
1010 22.73 0.00
1011 22.73 0.00
1012 22.73 0.00
1013 22.73 0.00
1014 22.73 0.00
1015 22.73 0.00
1016 22.73 0.00
1017 22.73 0.00
1018 22.73 0.00
1019 22.73 0.00
1020 22.73 0.00
1021 22.73 0.00
1022 22.73 0.00
1023 22.73 0.00
1024 22.73 0.00
1025 22.73 0.00
1026 22.73 0.00
1027 22.73 0.00
1028 22.73 0.00
1029 22.73 0.00
1030 22.73 0.00
1031 22.73 0.00
1032 22.73 0.00
1033 22.73 0.00
1034 22.73 0.00
1035 22.73 0.00
1036 22.73 0.00
1037 22.73 0.00
1038 22.73 0.00
1039 22.73 0.00
1040 22.73 0.00
1041 22.73 0.00
1042 22.73 0.00
1043 22.73 0.00
1044 22.73 0.00
1045 22.73 0.00
1046 22.73 0.00
1047 22.73 0.00
1048 22.73 0.00
1049 22.73 0.00
1050 22.73 0.00
1051 22.73 0.00
1052 22.73 0.00
1053 22.73 0.00
1054 22.73 0.00
1055 22.73 0.00
1056 22.73 0.00
1057 22.73 0.00
1058 22.73 0.00
1059 22.73 0.00
1060 22.73 0.00
1061 22.73 0.00
1062 22.73 0.00
1063 22.73 0.00
1064 22.73 0.00
1065 22.73 0.00
1066 22.73 0.00
1067 22.73 0.00
1068 22.73 0.00
1069 22.73 0.00
1070 22.73 0.00
1071 22.73 0.00
1072 22.73 0.00
1073 22.73 0.00
1074 22.73 0.00
1075 22.73 0.00
1076 22.73 0.00
1077 22.73 0.00
1078 22.73 0.00
1079 22.73 0.00
1080 22.73 0.00
1081 22.73 0.00
1082 22.73 0.00
1083 22.73 0.00
1084 22.73 0.00
1085 22.73 0.00
1086 22.73 0.00
1087 22.73 0.00
1088 22.73 0.00
1089 22.73 0.00
1090 22.73 0.00
1091 22.73 0.00
1092 22.73 0.00
1093 22.73 0.00
1094 22.73 0.00
1095 22.73 0.00
1096 22.73 0.00
1097 22.73 0.00
1098 22.73 0.00
1099 22.73 0.00
1100 22.73 0.00
1101 22.73 0.00
1102 22.73 0.00
1103 22.73 0.00
1104 22.73 0.00
1105 22.73 0.00
1106 22.73 0.00
1107 22.73 0.00
1108 22.73 0.00
1109 22.73 0.00
1110 22.73 0.00
1111 22.73 0.00
1112 22.73 0.00
1113 22.73 0.00
1114 22.73 0.00
1115 22.73 0.00
1116 22.73 0.00
1117 22.73 0.00
1118 22.73 0.00
1119 22.73 0.00
1120 22.73 0.00
1121 22.73 0.00
1122 22.73 0.00
1123 22.73 0.00
1124 22.73 0.00
1125 22.73 0.00
1126 22.73 0.00
1127 22.73 0.00
1128 22.73 0.00
1129 22.73 0.00
1130 22.73 0.00
1131 22.73 0.00
1132 22.73 0.00
1133 22.73 0.00
1134 22.73 0.00
1135 22.73 0.00
1136 22.73 0.00
1137 22.73 0.00
1138 22.73 0.00
1139 22.73 0.00
1140 22.73 0.00
1141 22.73 0.00
1142 22.73 0.00
1143 22.73 0.00
1144 22.73 0.00
1145 22.73 0.00
1146 22.73 0.00
1147 22.73 0.00
1148 22.73 0.00
1149 22.73 0.00
1150 22.73 0.00
1151 22.73 0.00
1152 22.73 0.00
1153 22.73 0.00
1154 22.73 0.00
1155 22.73 0.00
1156 22.73 0.00
1157 22.73 0.00
1158 22.73 0.00
1159 22.73 0.00
1160 22.73 0.00
1161 22.73 0.00
1162 22.73 0.00
1163 22.73 0.00
1164 22.73 0.00
1165 22.73 0.00
1166 22.73 0.00
1167 22.73 0.00
1168 22.73 0.00
1169 22.73 0.00
1170 22.73 0.00
1171 22.73 0.00
1172 22.73 0.00
1173 22.73 0.00
1174 22.73 0.00
1175 22.73 0.00
1176 22.73 0.00
1177 22.73 0.00
1178 22.73 0.00
1179 22.73 0.00
1180 22.73 0.00
1181 22.73 0.00
1182 22.73 0.00
1183 22.73 0.00
1184 22.73 0.00
1185 22.73 0.00
1186 22.73 0.00
1187 22.73 0.00
1188 22.73 0.00
1189 22.73 0.00
1190 22.73 0.00
1191 22.73 0.00
1192 22.73 0.00
1193 22.73 0.00
1194 22.73 0.00
1195 22.73 0.00
1196 22.73 0.00
1197 22.73 0.00
1198 22.73 0.00
1199 22.73 0.00
1200 22.73 0.00
1201 22.73 0.00
1202 22.73 0.00
1203 22.73 0.00
1204 22.73 0.00
1205 22.73 0.00
1206 22.73 0.00
1207 22.73 0.00
1208 22.73 0.00
1209 22.73 0.00
1210 22.73 0.00
1211 22.73 0.00
1212 22.73 0.00
1213 22.73 0.00
1214 22.73 0.00
1215 22.73 0.00
1216 22.73 0.00
1217 22.73 0.00
1218 22.73 0.00
1219 22.73 0.00
1220 22.73 0.00
1221 22.73 0.00
1222 22.73 0.00
1223 22.73 0.00
1224 22.73 0.00
1225 22.73 0.00
1226 22.73 0.00
1227 22.73 0.00
1228 22.73 0.00
1229 22.73 0.00
1230 22.73 0.00
1231 22.73 0.00
1232 22.73 0.00
1233 22.73 0.00
1234 22.73 0.00
1235 22.73 0.00
1236 22.73 0.00
1237 22.73 0.00
1238 22.73 0.00
1239 22.73 0.00
1240 22.73 0.00
1241 22.73 0.00
1242 22.73 0.00
1243 22.73 0.00
1244 22.73 0.00
1245 22.73 0.00
1246 22.73 0.00
1247 22.73 0.00
1248 22.73 0.00
1249 22.73 0.00
1250 22.73 0.00
1251 22.73 0.00
1252 22.73 0.00
1253 22.73 0.00
1254 22.73 0.00
1255 22.73 0.00
1256 22.73 0.00
1257 22.73 0.00
1258 22.73 0.00
1259 22.73 0.00
1260 22.73 0.00
1261 22.73 0.00
1262 22.73 0.00
1263 22.73 0.00
1264 22.73 0.00
1265 22.73 0.00
1266 22.73 0.00
1267 22.73 0.00
1268 22.73 0.00
1269 22.73 0.00
1270 22.73 0.00
1271 22.73 0.00
1272 22.73 0.00
1273 22.73 0.00
1274 22.73 0.00
1275 22.73 0.00
1276 22.73 0.00
1277 22.73 0.00
1278 22.73 0.00
1279 22.73 0.00
1280 22.73 0.00
1281 22.73 0.00
1282 22.73 0.00
1283 22.73 0.00
1284 22.73 0.00
1285 22.73 0.00
1286 22.73 0.00
1287 22.73 0.00
1288 22.73 0.00
1289 22.73 0.00
1290 22.73 0.00
1291 22.73 0.00
1292 22.73 0.00
1293 22.73 0.00
1294 22.73 0.00
1295 22.73 0.00
1296 22.73 0.00
1297 22.73 0.00
1298 22.73 0.00
1299 22.73 0.00
1300 22.73 0.00
1301 22.73 0.00
1302 22.73 0.00
1303 22.73 0.00
1304 22.73 0.00
1305 22.73 0.00
1306 22.73 0.00
1307 22.73 0.00
1308 22.73 0.00
1309 22.73 0.00
1310 22.73 0.00
1311 22.73 0.00
1312 22.73 0.00
1313 22.73 0.00
1314 22.73 0.00
1315 22.73 0.00
1316 22.73 0.00
1317 22.73 0.00
1318 22.73 0.00
1319 22.73 0.00
1320 22.73 0.00
1321 22.73 0.00
1322 22.73 0.00
1323 22.73 0.00
1324 22.73 0.00
1325 22.73 0.00
1326 22.73 0.00
1327 22.73 0.00
1328 22.73 0.00
1329 22.73 0.00
1330 22.73 0.00
1331 22.73 0.00
1332 22.73 0.00
1333 22.73 0.00
1334 22.73 0.00
1335 22.73 0.00
1336 22.73 0.00
1337 22.73 0.00
1338 22.73 0.00
1339 22.73 0.00
1340 22.73 0.00
1341 22.73 0.00
1342 22.73 0.00
1343 22.73 0.00
1344 22.73 0.00
1345 22.73 0.00
1346 22.73 0.00
1347 22.73 0.00
1348 22.73 0.00
1349 22.73 0.00
1350 22.73 0.00
1351 22.73 0.00
1352 22.73 0.00
1353 22.73 0.00
1354 22.73 0.00
1355 22.73 0.00
1356 22.73 0.00
1357 22.73 0.00
1358 22.73 0.00
1359 22.73 0.00
1360 22.73 0.00
1361 22.73 0.00
1362 22.73 0.00
1363 22.73 0.00
1364 22.73 0.00
1365 22.73 0.00
1366 22.73 0.00
1367 22.73 0.00
1368 22.73 0.00
1369 22.73 0.00
1370 22.73 0.00
1371 22.73 0.00
1372 22.73 0.00
1373 22.73 0.00
1374 22.73 0.00
1375 22.73 0.00
1376 22.73 0.00
1377 22.73 0.00
1378 22.73 0.00
1379 22.73 0.00
1380 22.73 0.00
1381 22.73 0.00
1382 22.73 0.00
1383 22.73 0.00
1384 22.73 0.00
1385 22.73 0.00
1386 22.73 0.00
1387 22.73 0.00
1388 22.73 0.00
1389 22.73 0.00
1390 22.73 0.00
1391 22.73 0.00
1392 22.73 0.00
1393 22.73 0.00
1394 22.73 0.00
1395 22.73 0.00
1396 22.73 0.00
1397 22.73 0.00
1398 22.73 0.00
1399 22.73 0.00
1400 22.73 0.00
1401 22.73 0.00
1402 22.73 0.00
1403 22.73 0.00
1404 22.73 0.00
1405 22.73 0.00
1406 22.73 0.00
1407 22.73 0.00
1408 22.73 0.00
1409 22.73 0.00
1410 22.73 0.00
1411 22.73 0.00
1412 22.73 0.00
1413 22.73 0.00
1414 22.73 0.00
1415 22.73 0.00
1416 22.73 0.00
1417 22.73 0.00
1418 22.73 0.00
1419 22.73 0.00
1420 22.73 0.00
1421 22.73 0.00
1422 22.73 0.00
1423 22.73 0.00
1424 22.73 0.00
1425 22.73 0.00
1426 22.73 0.00
1427 22.73 0.00
1428 22.73 0.00
1429 22.73 0.00
1430 22.73 0.00
1431 22.73 0.00
1432 22.73 0.00
1433 22.73 0.00
1434 22.73 0.00
1435 22.73 0.00
1436 22.73 0.00
1437 22.73 0.00
1438 22.73 0.00
1439 22.73 0.00
1440 22.73 0.00
1441 22.73 0.00
1442 22.73 0.00
1443 22.73 0.00
1444 22.73 0.00
1445 22.73 0.00
1446 22.73 0.00
1447 22.73 0.00
1448 22.73 0.00
1449 22.73 0.00
1450 22.73 0.00
1451 22.73 0.00
1452 22.73 0.00
1453 22.73 0.00
1454 22.73 0.00
1455 22.73 0.00
1456 22.73 0.00
1457 22.73 0.00
1458 22.73 0.00
1459 22.73 0.00
1460 22.73 0.00
1461 22.73 0.00
1462 22.73 0.00
1463 22.73 0.00
1464 22.73 0.00
1465 22.73 0.00
1466 22.73 0.00
1467 22.73 0.00
1468 22.73 0.00
1469 22.73 0.00
1470 22.73 0.00
1471 22.73 0.00
1472 22.73 0.00
1473 22.73 0.00
1474 22.73 0.00
1475 22.73 0.00
1476 22.73 0.00
1477 22.73 0.00
1478 22.73 0.00
1479 22.73 0.00
1480 22.73 0.00
1481 22.73 0.00
1482 22.73 0.00
1483 15.00 0.00
1484 15.00 0.00
1485 15.00 0.00
1486 15.00 0.00
1487 15.00 0.00
1488 15.00 0.00
1489 15.00 0.00
1490 15.00 0.00
1491 15.00 0.00
1492 15.00 0.00
1493 15.00 0.00
1494 15.00 0.00
1495 15.00 0.00
1496 15.00 0.00
1497 15.00 0.00
1498 15.00 0.00
1499 15.00 0.00
1500 15.00 0.00
1501 15.00 0.00
1502 15.00 0.00
1503 15.00 0.00
1504 15.00 0.00
1505 15.00 0.00
1506 15.00 0.00
1507 15.00 0.00
1508 15.00 0.00
1509 15.00 0.00
1510 15.00 0.00
1511 15.00 0.00
1512 15.00 0.00
1513 15.00 0.00
1514 15.00 0.00
1515 15.00 0.00
1516 15.00 0.00
1517 15.00 0.00
1518 15.00 0.00
1519 15.00 0.00
1520 15.00 0.00
1521 15.00 0.00
1522 15.00 0.00
1523 15.00 0.00
1524 15.00 0.00
1525 15.00 0.00
1526 15.00 0.00
1527 15.00 0.00
1528 15.00 0.00
1529 15.00 0.00
1530 15.00 0.00
1531 15.00 0.00
1532 15.00 0.00
1533 15.00 0.00
1534 15.00 0.00
1535 15.00 0.00
1536 15.00 0.00
1537 15.00 0.00
1538 15.00 0.00
1539 15.00 0.00
1540 15.00 0.00
1541 15.00 0.00
1542 15.00 0.00
1543 15.00 0.00
1544 15.00 0.00
1545 15.00 0.00
1546 15.00 0.00
1547 15.00 0.00
1548 15.00 0.00
1549 15.00 0.00
1550 15.00 0.00
1551 15.00 0.00
1552 15.00 0.00
1553 15.00 0.00
1554 15.00 0.00
1555 15.00 0.00
1556 15.00 0.00
1557 15.00 0.00
1558 15.00 0.00
1559 15.00 0.00
1560 15.00 0.00
1561 15.00 0.00
1562 15.00 0.00
1563 15.00 0.00
1564 15.00 0.00
1565 15.00 0.00
1566 15.00 0.00
1567 15.00 0.00
1568 15.00 0.00
1569 15.00 0.00
1570 15.00 0.00
1571 15.00 0.00
1572 15.00 0.00
1573 15.00 0.00
1574 15.00 0.00
1575 15.00 0.00
1576 15.00 0.00
1577 15.00 0.00
1578 15.00 0.00
1579 15.00 0.00
1580 15.00 0.00
1581 15.00 0.00
1582 15.00 0.00
1583 15.00 0.00
1584 15.00 0.00
1585 15.00 0.00
1586 15.00 0.00
1587 15.00 0.00
1588 15.00 0.00
1589 15.00 0.00
1590 15.00 0.00
1591 15.00 0.00
1592 15.00 0.00
1593 15.00 0.00
1594 15.00 0.00
1595 15.00 0.00
1596 15.00 0.00
1597 15.00 0.00
1598 15.00 0.00
1599 15.00 0.00
1600 15.00 0.00
1601 15.00 0.00
1602 15.00 0.00
1603 15.00 0.00
1604 15.00 0.00
1605 15.00 0.00
1606 15.00 0.00
1607 15.00 0.00
1608 15.00 0.00
1609 15.00 0.00
1610 15.00 0.00
1611 15.00 0.00
1612 15.00 0.00
1613 15.00 0.00
1614 15.00 0.00
1615 15.00 0.00
1616 15.00 0.00
1617 15.00 0.00
1618 15.00 0.00
1619 15.00 0.00
1620 15.00 0.00
1621 15.00 0.00
1622 15.00 0.00
1623 15.00 0.00
1624 15.00 0.00
1625 15.00 0.00
1626 15.00 0.00
1627 15.00 0.00
1628 15.00 0.00
1629 15.00 0.00
1630 15.00 0.00
1631 15.00 0.00
1632 15.00 0.00
1633 15.00 0.00
1634 15.00 0.00
1635 15.00 0.00
1636 15.00 0.00
1637 15.00 0.00
1638 15.00 0.00
1639 15.00 0.00
1640 15.00 0.00
1641 15.00 0.00
1642 15.00 0.00
1643 15.00 0.00
1644 15.00 0.00
1645 15.00 0.00
1646 15.00 0.00
1647 15.00 0.00
1648 15.00 0.00
1649 15.00 0.00
1650 15.00 0.00
1651 15.00 0.00
1652 15.00 0.00
1653 15.00 0.00
1654 15.00 0.00
1655 15.00 0.00
1656 15.00 0.00
1657 15.00 0.00
1658 15.00 0.00
1659 15.00 0.00
1660 15.00 0.00
1661 15.00 0.00
1662 15.00 0.00
1663 15.00 0.00
1664 15.00 0.00
1665 15.00 0.00
1666 15.00 0.00
1667 15.00 0.00
1668 15.00 0.00
1669 15.00 0.00
1670 15.00 0.00
1671 15.00 0.00
1672 15.00 0.00
1673 15.00 0.00
1674 15.00 0.00
1675 15.00 0.00
1676 15.00 0.00
1677 15.00 0.00
1678 15.00 0.00
1679 15.00 0.00
1680 15.00 0.00
1681 15.00 0.00
1682 15.00 0.00
1683 15.00 0.00
1684 15.00 0.00
1685 15.00 0.00
1686 15.00 0.00
1687 15.00 0.00
1688 15.00 0.00
1689 15.00 0.00
1690 15.00 0.00
1691 15.00 0.00
1692 15.00 0.00
1693 15.00 0.00
1694 15.00 0.00
1695 15.00 0.00
1696 15.00 0.00
1697 15.00 0.00
1698 15.00 0.00
1699 15.00 0.00
1700 15.00 0.00
1701 15.00 0.00
1702 15.00 0.00
1703 15.00 0.00
1704 15.00 0.00
1705 15.00 0.00
1706 15.00 0.00
1707 15.00 0.00
1708 15.00 0.00
1709 15.00 0.00
1710 15.00 0.00
1711 15.00 0.00
1712 15.00 0.00
1713 15.00 0.00
1714 15.00 0.00
1715 15.00 0.00
1716 15.00 0.00
1717 15.00 0.00
1718 15.00 0.00
1719 15.00 0.00
1720 15.00 0.00
1721 15.00 0.00
1722 15.00 0.00
1723 15.00 0.00
1724 15.00 0.00
1725 15.00 0.00
1726 15.00 0.00
1727 15.00 0.00
1728 15.00 0.00
1729 15.00 0.00
1730 15.00 0.00
1731 15.00 0.00
1732 15.00 0.00
1733 15.00 0.00
1734 15.00 0.00
1735 15.00 0.00
1736 15.00 0.00
1737 15.00 0.00
