0 0.00 0.00 3.00
1 0.00 0.00 3.00
2 0.00 0.00 3.00
3 0.00 0.00 3.00
4 0.00 0.00 3.00
5 0.00 0.00 3.00
6 0.00 0.00 3.00
7 0.00 0.00 3.00
8 0.00 0.00 3.00
9 0.00 0.00 3.00
10 0.00 0.00 3.00
11 0.00 0.00 3.00
12 0.00 0.00 3.00
13 0.00 0.00 3.00
14 0.00 0.00 3.00
15 0.00 0.00 3.00
16 0.00 0.00 3.00
17 0.00 0.00 3.00
18 0.00 0.00 3.00
19 0.00 0.00 3.00
20 0.00 0.00 3.00
21 0.00 0.00 3.00
22 0.00 0.00 3.00
23 0.00 0.00 3.00
24 0.00 0.00 3.00
25 0.00 0.00 3.00
26 0.00 0.00 3.00
27 0.00 0.00 3.00
28 0.00 0.00 3.00
29 0.00 0.00 3.00
30 0.00 0.00 3.00
31 0.00 0.00 3.00
32 0.00 0.00 3.00
33 0.00 0.00 3.00
34 0.00 0.00 3.00
35 0.00 0.00 3.00
36 0.00 0.00 3.00
37 0.00 0.00 3.00
38 0.00 0.00 3.00
39 0.00 0.00 3.00
40 0.00 0.00 3.00
41 0.00 0.00 3.00
42 0.00 0.00 3.00
43 0.00 0.00 3.00
44 0.00 0.00 3.00
45 0.00 0.00 3.00
46 0.00 0.00 3.00
47 0.00 0.00 3.00
48 0.00 0.00 3.00
49 0.00 0.00 3.00
50 0.00 0.00 3.00
51 0.00 0.00 3.00
52 0.00 0.00 3.00
53 0.00 0.00 3.00
54 0.00 0.00 3.00
55 0.00 0.00 3.00
56 0.00 0.00 3.00
57 0.00 0.00 3.00
58 0.00 0.00 3.00
59 0.00 0.00 3.00
60 0.00 0.00 3.00
61 0.00 0.00 3.00
62 117.26 0.00 3.00
63 117.26 0.00 3.00
64 117.26 0.00 3.00
65 117.26 0.00 3.00
66 117.26 0.00 3.00
67 117.26 0.00 3.00
68 117.26 0.00 3.00
69 117.26 0.00 3.00
70 117.26 0.00 3.00
71 117.26 0.00 3.00
72 117.26 0.00 3.00
73 117.26 0.00 3.00
74 117.26 0.00 3.00
75 117.26 0.00 3.00
76 117.26 0.00 3.00
77 117.26 0.00 3.00
78 117.26 0.00 3.00
79 117.26 0.00 3.00
80 117.26 0.00 3.00
81 117.26 0.00 3.00
82 117.26 0.00 3.00
83 117.26 0.00 3.00
84 117.26 0.00 3.00
85 117.26 0.00 3.00
86 117.26 0.00 3.00
87 117.26 0.00 3.00
88 117.26 0.00 3.00
89 117.26 0.00 3.00
90 117.26 0.00 3.00
91 117.26 0.00 3.00
92 117.26 0.00 3.00
93 117.26 0.00 3.00
94 117.26 0.00 3.00
95 117.26 0.00 3.00
96 117.26 0.00 3.00
97 117.26 0.00 3.00
98 117.26 0.00 3.00
99 117.26 0.00 3.00
100 117.26 0.00 3.00
101 117.26 0.00 3.00
102 117.26 0.00 3.00
103 117.26 0.00 3.00
104 117.26 0.00 3.00
105 117.26 0.00 3.00
106 117.26 0.00 3.00
107 117.26 0.00 3.00
108 117.26 0.00 3.00
109 117.26 0.00 3.00
110 117.26 0.00 3.00
111 117.26 0.00 3.00
112 117.26 0.00 3.00
113 117.26 0.00 3.00
114 117.26 0.00 3.00
115 117.26 0.00 3.00
116 117.26 0.00 3.00
117 117.26 0.00 3.00
118 117.26 0.00 3.00
119 117.26 0.00 3.00
120 117.26 0.00 3.00
121 117.26 0.00 3.00
122 117.26 0.00 3.00
123 117.26 0.00 3.00
124 117.26 0.00 3.00
125 117.26 0.00 3.00
126 117.26 0.00 3.00
127 117.26 0.00 3.00
128 117.26 0.00 3.00
129 117.26 0.00 3.00
130 117.26 0.00 3.00
131 117.26 0.00 3.00
132 117.26 0.00 3.00
133 117.26 0.00 3.00
134 117.26 0.00 3.00
135 117.26 0.00 3.00
136 117.26 0.00 3.00
137 117.26 0.00 3.00
138 117.26 0.00 3.00
139 117.26 0.00 3.00
140 117.26 0.00 3.00
141 117.26 0.00 3.00
142 117.26 0.00 3.00
143 117.26 0.00 3.00
144 117.26 0.00 3.00
145 117.26 0.00 3.00
146 117.26 0.00 3.00
147 117.26 0.00 3.00
148 117.26 0.00 3.00
149 117.26 0.00 3.00
150 117.26 0.00 3.00
151 117.26 0.00 3.00
152 117.26 0.00 3.00
153 117.26 0.00 3.00
154 117.26 0.00 3.00
155 117.26 0.00 3.00
156 117.26 0.00 3.00
157 117.26 0.00 3.00
158 117.26 0.00 3.00
159 117.26 0.00 3.00
160 117.26 0.00 3.00
161 117.26 0.00 3.00
162 117.26 0.00 3.00
163 117.26 0.00 3.00
164 117.26 0.00 3.00
165 174.01 0.00 3.00
166 174.01 0.00 3.00
167 174.01 0.00 3.00
168 174.01 0.00 3.00
169 174.01 0.00 3.00
170 174.01 0.00 3.00
171 174.01 0.00 3.00
172 174.01 0.00 3.00
173 174.01 0.00 3.00
174 174.01 0.00 3.00
175 174.01 0.00 3.00
176 174.01 0.00 3.00
177 174.01 0.00 3.00
178 174.01 0.00 3.00
179 174.01 0.00 3.00
180 174.01 0.00 3.00
181 174.01 0.00 3.00
182 174.01 0.00 3.00
183 174.01 0.00 3.00
184 174.01 0.00 3.00
185 174.01 0.00 3.00
186 174.01 0.00 3.00
187 174.01 0.00 3.00
188 174.01 0.00 3.00
189 174.01 0.00 3.00
190 174.01 0.00 3.00
191 174.01 0.00 3.00
192 174.01 0.00 3.00
193 174.01 0.00 3.00
194 174.01 0.00 3.00
195 174.01 0.00 3.00
196 174.01 0.00 3.00
197 174.01 0.00 3.00
198 174.01 0.00 3.00
199 174.01 0.00 3.00
200 174.01 0.00 3.00
201 174.01 0.00 3.00
202 174.01 0.00 3.00
203 174.01 0.00 3.00
204 174.01 0.00 3.00
205 174.01 0.00 3.00
206 174.01 0.00 3.00
207 174.01 0.00 3.00
208 174.01 0.00 3.00
209 174.01 0.00 3.00
210 174.01 0.00 3.00
211 174.01 0.00 3.00
212 174.01 0.00 3.00
213 174.01 0.00 3.00
214 174.01 0.00 3.00
215 174.01 0.00 3.00
216 174.01 0.00 3.00
217 174.01 0.00 3.00
218 174.01 0.00 3.00
219 174.01 0.00 3.00
220 174.01 0.00 3.00
221 174.01 0.00 3.00
222 174.01 0.00 3.00
223 174.01 0.00 3.00
224 174.01 0.00 3.00
225 174.01 0.00 3.00
226 174.01 0.00 3.00
227 174.01 0.00 3.00
228 174.01 0.00 3.00
229 174.01 0.00 3.00
230 174.01 0.00 3.00
231 174.01 0.00 3.00
232 174.01 0.00 3.00
233 174.01 0.00 3.00
234 174.01 0.00 3.00
235 174.01 0.00 3.00
236 174.01 0.00 3.00
237 174.01 0.00 3.00
238 174.01 0.00 3.00
239 174.01 0.00 3.00
240 174.01 0.00 3.00
241 174.01 0.00 3.00
242 174.01 0.00 3.00
243 174.01 0.00 3.00
244 174.01 0.00 3.00
245 174.01 0.00 3.00
246 174.01 0.00 3.00
247 174.01 0.00 3.00
248 174.01 0.00 3.00
249 174.01 0.00 3.00
250 174.01 0.00 3.00
251 174.01 0.00 3.00
252 174.01 0.00 3.00
253 174.01 0.00 3.00
254 174.01 0.00 3.00
255 174.01 0.00 3.00
256 174.01 0.00 3.00
257 174.01 0.00 3.00
258 174.01 0.00 3.00
259 174.01 0.00 3.00
260 174.01 0.00 3.00
261 174.01 0.00 3.00
262 174.01 0.00 3.00
263 174.01 0.00 3.00
264 174.01 0.00 3.00
265 174.01 0.00 3.00
266 174.01 0.00 3.00
267 174.01 0.00 3.00
268 174.01 0.00 3.00
269 174.01 0.00 3.00
270 174.01 0.00 3.00
271 174.01 0.00 3.00
272 174.01 0.00 3.00
273 174.01 0.00 3.00
274 174.01 0.00 3.00
275 174.01 0.00 3.00
276 174.01 0.00 3.00
277 174.01 0.00 3.00
278 174.01 0.00 3.00
279 174.01 0.00 3.00
280 174.01 0.00 3.00
281 174.01 0.00 3.00
282 174.01 0.00 3.00
283 174.01 0.00 3.00
284 174.01 0.00 3.00
285 174.01 0.00 3.00
286 174.01 0.00 3.00
287 174.01 0.00 3.00
288 174.01 0.00 3.00
289 174.01 0.00 3.00
290 174.01 0.00 3.00
291 174.01 0.00 3.00
292 174.01 0.00 3.00
293 174.01 0.00 3.00
294 174.01 0.00 3.00
295 174.01 0.00 3.00
296 174.01 0.00 3.00
297 174.01 0.00 3.00
298 174.01 0.00 3.00
299 174.01 0.00 3.00
300 174.01 0.00 3.00
301 174.01 0.00 3.00
302 174.01 0.00 3.00
303 174.01 0.00 3.00
304 174.01 0.00 3.00
305 174.01 0.00 3.00
306 174.01 0.00 3.00
307 174.01 0.00 3.00
308 174.01 0.00 3.00
309 174.01 0.00 3.00
310 174.01 0.00 3.00
311 174.01 0.00 3.00
312 174.01 0.00 3.00
313 174.01 0.00 3.00
314 174.01 0.00 3.00
315 174.01 0.00 3.00
316 174.01 0.00 3.00
317 174.01 0.00 3.00
318 174.01 0.00 3.00
319 174.01 0.00 3.00
320 174.01 0.00 3.00
321 174.01 0.00 3.00
322 174.01 0.00 3.00
323 174.01 0.00 3.00
324 174.01 0.00 3.00
325 174.01 0.00 3.00
326 174.01 0.00 3.00
327 174.01 0.00 3.00
328 174.01 0.00 3.00
329 174.01 0.00 3.00
330 174.01 0.00 3.00
331 174.01 0.00 3.00
332 174.01 0.00 3.00
333 174.01 0.00 3.00
334 174.01 0.00 3.00
335 174.01 0.00 3.00
336 174.01 0.00 3.00
337 174.01 0.00 3.00
338 174.01 0.00 3.00
339 174.01 0.00 3.00
340 174.01 0.00 3.00
341 174.01 0.00 3.00
342 174.01 0.00 3.00
343 174.01 0.00 3.00
344 174.01 0.00 3.00
345 174.01 0.00 3.00
346 174.01 0.00 3.00
347 174.01 0.00 3.00
348 174.01 0.00 3.00
349 174.01 0.00 3.00
350 174.01 0.00 3.00
351 174.01 0.00 3.00
352 174.01 0.00 3.00
353 174.01 0.00 3.00
354 174.01 0.00 3.00
355 174.01 0.00 3.00
356 174.01 0.00 3.00
357 174.01 0.00 3.00
358 174.01 0.00 3.00
359 174.01 0.00 3.00
360 174.01 0.00 3.00
361 174.01 0.00 3.00
362 174.01 0.00 3.00
363 174.01 0.00 3.00
364 174.01 0.00 3.00
365 174.01 0.00 3.00
366 174.01 0.00 3.00
367 174.01 0.00 3.00
368 174.01 0.00 3.00
369 174.01 0.00 3.00
370 174.01 0.00 3.00
371 174.01 0.00 3.00
372 174.01 0.00 3.00
373 174.01 0.00 3.00
374 174.01 0.00 3.00
375 174.01 0.00 3.00
376 174.01 0.00 3.00
377 174.01 0.00 3.00
378 174.01 0.00 3.00
379 174.01 0.00 3.00
380 174.01 0.00 3.00
381 174.01 0.00 3.00
382 174.01 0.00 3.00
383 174.01 0.00 3.00
384 174.01 0.00 3.00
385 174.01 0.00 3.00
386 174.01 0.00 3.00
387 174.01 0.00 3.00
388 174.01 0.00 3.00
389 174.01 0.00 3.00
390 174.01 0.00 3.00
391 174.01 0.00 3.00
392 174.01 0.00 3.00
393 174.01 0.00 3.00
394 174.01 0.00 3.00
395 174.01 0.00 3.00
396 174.01 0.00 3.00
397 174.01 0.00 3.00
398 271.36 0.00 3.00
399 271.36 0.00 3.00
400 271.36 0.00 3.00
401 271.36 0.00 3.00
402 271.36 0.00 3.00
403 271.36 0.00 3.00
404 271.36 0.00 3.00
405 271.36 0.00 3.00
406 271.36 0.00 3.00
407 271.36 0.00 3.00
408 271.36 0.00 3.00
409 271.36 0.00 3.00
410 271.36 0.00 3.00
411 271.36 0.00 3.00
412 271.36 0.00 3.00
413 271.36 0.00 3.00
414 271.36 0.00 3.00
415 271.36 0.00 3.00
416 271.36 0.00 3.00
417 271.36 0.00 3.00
418 271.36 0.00 3.00
419 271.36 0.00 3.00
420 271.36 0.00 3.00
421 271.36 0.00 3.00
422 271.36 0.00 3.00
423 271.36 0.00 3.00
424 271.36 0.00 3.00
425 271.36 0.00 3.00
426 271.36 0.00 3.00
427 271.36 0.00 3.00
428 271.36 0.00 3.00
429 271.36 0.00 3.00
430 271.36 0.00 3.00
431 271.36 0.00 3.00
432 271.36 0.00 3.00
433 271.36 0.00 3.00
434 271.36 0.00 3.00
435 271.36 0.00 3.00
436 271.36 0.00 3.00
437 271.36 0.00 3.00
438 271.36 0.00 3.00
439 271.36 0.00 3.00
440 271.36 0.00 3.00
441 271.36 0.00 3.00
442 271.36 0.00 3.00
443 271.36 0.00 3.00
444 271.36 0.00 3.00
445 271.36 0.00 3.00
446 271.36 0.00 3.00
447 271.36 0.00 3.00
448 271.36 0.00 3.00
449 271.36 0.00 3.00
450 271.36 0.00 3.00
451 271.36 0.00 3.00
452 271.36 0.00 3.00
453 271.36 0.00 3.00
454 271.36 0.00 3.00
455 271.36 0.00 3.00
456 271.36 0.00 3.00
457 271.36 0.00 3.00
458 271.36 0.00 3.00
459 271.36 0.00 3.00
460 271.36 0.00 3.00
461 271.36 0.00 3.00
462 271.36 0.00 3.00
463 271.36 0.00 3.00
464 271.36 0.00 3.00
465 271.36 0.00 3.00
466 271.36 0.00 3.00
467 271.36 0.00 3.00
468 271.36 0.00 3.00
469 271.36 0.00 3.00
470 271.36 0.00 3.00
471 271.36 0.00 3.00
472 271.36 0.00 3.00
473 271.36 0.00 3.00
474 271.36 0.00 3.00
475 271.36 0.00 3.00
476 271.36 0.00 3.00
477 271.36 0.00 3.00
478 271.36 0.00 3.00
479 271.36 0.00 3.00
480 271.36 0.00 3.00
481 282.85 0.00 3.00
482 282.85 0.00 3.00
483 282.85 0.00 3.00
484 282.85 0.00 3.00
485 288.01 0.00 3.00
486 288.01 0.00 3.00
487 288.01 0.00 3.00
488 288.01 0.00 3.00
489 288.01 0.00 3.00
490 288.01 0.00 3.00
491 288.01 0.00 3.00
492 288.01 0.00 3.00
493 288.01 0.00 3.00
494 288.01 0.00 3.00
495 288.01 0.00 3.00
496 288.01 0.00 3.00
497 288.01 0.00 3.00
498 288.01 0.00 3.00
