#pos1     pos2      z1    z2    rew1      rew2      rew sum     rew avg     tier uav1   tier uav2  
#1        2         3     4     5         6         7           8           9           10         
344.07    413.00    6     8     6.15      7.00      13.15       13.15       2           2          
1005.43   572.84    20    11    9.50      0.00      9.50        13.00       2           2          
852.60    334.88    17    6     0.88      10.00     10.88       10.88       2           2          
596.25    246.70    11    4     0.00      9.50      9.50        9.50        1           2          
249.91    614.81    4     12    0.00      6.24      6.24        6.24        1           2          
80.18     760.78    1     15    5.00      0.00      5.00        5.44        2           1          
649.60    491.28    12    9     1.67      0.00      1.67        1.67        2           2          
512.17    132.71    10    2     0.00      1.54      1.54        1.54        1           2          
