144 226 20
394 207 20
400 173 20
434 182 20
414 211 20
416 205 20
376 205 20
365 185 20
353 191 20
344 202 20
344 220 20
356 226 20
382 236 20
388 238 20
412 238 20
418 238 20
432 238 20
455 231 20
450 210 20
450 203 20
464 178 20
401 143 20
413 145 20
417 145 20
512 167 20
503 185 20
499 215 20
489 227 20
485 203 20
489 186 20
492 157 20
486 191 20
462 243 20
463 252 20
489 261 20
488 266 20
421 276 20
412 274 20
360 276 20
394 260 20
434 265 20
467 277 20
468 279 20
436 289 20
398 285 20
385 285 20
363 283 20
355 263 20
353 259 20
355 251 20
358 248 20
323 225 20
326 196 20
333 187 20
339 179 20
341 169 20
333 166 20
326 161 20
294 218 20
309 243 20
319 253 20
335 273 20
343 285 20
337 246 20
534 176 20
534 178 20
522 232 20
513 254 20
508 275 20
507 282 20
504 284 20
497 289 20
524 277 20
529 265 20
537 238 20
537 229 20
524 196 20
546 209 20
548 207 20
555 198 20
946 223 20
951 223 20
935 235 20
883 224 20
888 188 20
874 182 20
884 168 20
915 196 20
942 219 20
954 220 20
1005 198 20
861 207 20
866 175 20
860 167 20
879 150 20
905 184 20
913 190 20
923 190 20
969 234 20
933 239 20
913 233 20
912 232 20
953 212 20
973 217 20
989 235 20
996 218 20
976 199 20
932 182 20
929 180 20
901 207 20
901 215 20
910 170 20
921 147 20
973 166 20
977 173 20
988 179 20
943 180 20
912 153 20
958 153 20
965 161 20
1011 182 20
1014 194 20
997 231 20
985 235 20
964 262 20
924 257 20
911 257 20
891 251 20
927 255 20
986 255 20
992 257 20
